3
4
7
8
9
10
11
12
18
21
22
23
36
37
38
39
40
46
53
63
68
69
88
90
97
122
127
128
129
130
132
155
156
170
171
186
191
192
209
210
212
213
214
217
219
220
223
225
227
228
229
230
232
233
234
235
236
238
240
241
242
243
245
246
248
249
251
252
254
255
257
259
261
262
271
272
273
274
280
281
282
285
286
288
289
290
291
292
294
297
298
299
301
302
303
314
315
316
317
319
320
322
323
324
325
326
327
328
329
330
331
332
333
334
335
336
337
338
339
340
341
342
343
344
345
346
347
349
350
351
352
353
354
355
356
357
358
359
360
362
363
366
367
368
369
370
371
376
384
385
388
389
397
406
416
421
422
423
447
448
449
450
451
452
453
454
455
456
458
460
461
462
464
468
469
470
471
472
476
495
499
502
519
520
523
524
526
531
533
534
535
542
544
546
547
548
549
552
553
554
555
556
557
558
562
563
585
587
590
593
602
609
610
625
627
641
645
646
655
656
662
663
670
671
674
676
677
678
682
686
689
691
693
703
707
708
709
710
711
713
714
716
717
718
721
728
729
731
734
737
741
752
755
758
759
763
764
766
768
769
770
776
781
783
784
786
788
793
795
797
801
802
808
809
811
812
816
817
818
819
820
823
824
826
827
828
830
832
834
835
836
838
840
843
848
850
851
854
855
862
863
864
865
870
872
875
876
879
882
884
885
886
887
888
891
896
900
901
903
904
907
908
910
913
915
916
917
918
919
920
921
922
923
924
928
930
931
933
934
936
940
941
942
943
944
945
946
947
948
949
950
951
952
953
954
955
956
957
958
959
960
961
962
963
964
965
966
967
970
971
972
974
975
976
977
978
979
980
981
983
984
985
987
988
989
990
991
992
993
995
996
997
998
999
1000
1001
1003
1005
1008
1011
1013
1014
1015
1016
1017
1018
1019
1020
1023
1024
1025
1026
1027
1028
1029
1030
1031
1032
1033
1034
1035
1036
1037
1038
1039
1040
1042
1043
1044
1045
1046
1047
1049
1051
1052
1053
1054
1055
1056
1057
1058
1059
1060
1061
1062
1063
1065
1066
1067
1069
1070
1071
1072
1074
1076
1077
1079
1080
1082
1083
1084
1085
1086
1087
1088
1090
1091
1092
1094
1096
1097
1098
1099
1100
1101
1102
1103
1104
1105
1106
1107
1108
1110
1111
1113
1114
1115
1116
1117
1118
1119
1120
1121
1122
1123
1124
1126
1127
1128
1129
1131
1135
1137
1144
1147
1149
1150
1151
1152
1153
1154
1155
1156
1157
1158
1159
1160
1161
1162
1163
1164
1165
1166
1170
1172
1173
1174
1175
1176
1177
1180
1181
1182
1183
1184
1185
1186
1187
1188
1189
1190
1191
1192
1193
1194
1195
1196
1197
1198
1199
1200
1201
1202
1203
1204
1205
1206
1207
1208
1209
1210
1211
1212
1213
1214
1215
1216
1217
1218
1219
1220
1221
1222
1223
1224
1225
1226
1227
1228
1229
1230
1231
1232
1233
1234
1235
1236
1237
1238
1239
1240
1241
1242
1243
1244
1245
1246
1247
1248
1256
1258
1259
1260
1261
1262
1263
1264
1265
1266
1267
1268
1269
1270
1271
1273
1274
1275
1276
1277
1278
1279
1280
1282
1283
1284
1285
1286
1287
1288
1289
1290
1291
1292
1293
1294
1295
1296
1297
1300
1309
1310
1311
1312
1313
1314
1315
1316
1317
1318
1319
1320
1321
1322
1323
1324
1325
1326
1327
1328
1329
1330
1331
1332
1333
1334
1335
1336
1337
1338
1340
1341
1342
1343
1344
1345
1346
1347
1348
1349
1350
1352
1353
1354
1355
1356
1357
1358
1359
1360
1361
1362
1363
1364
1365
1367
1368
1369
1370
1371
1372
1373
1374
1375
1376
1377
1380
1382
1383
1384
1385
1386
1387
1388
1389
1390
1391
1392
1393
1394
1395
1396
1397
1398
1399
1402
1404
1409
1410
1411
1412
1413
1414
1415
1416
1417
1418
1419
1420
1421
1422
1423
1424
1425
1426
1427
1428
1429
1430
1431
1432
1433
1434
1435
1436
1437
1438
1439
1440
1441
1442
1443
1445
1446
1447
1448
1449
1450
1451
1452
1453
1454
1455
1456
1457
1458
1459
1460
1463
1464
1465
1466
1467
1468
1469
1470
1471
1472
1473
1474
1475
1476
1477
1478
1479
1480
1481
1482
1483
1484
1486
1487
1489
1490
1491
1492
1493
1494
1495
1496
1497
1498
1499
1500
1501
1502
1503
1506
1507
1508
1509
1511
1513
1514
1515
1516
1517
1518
1519
1520
1522
1523
1524
1526
1527
1530
1532
1533
1534
1535
1536
1537
1538
1539
1540
1541
1542
1543
1544
1545
1547
1548
1550
1551
1552
1553
1554
1555
1557
1558
1559
1560
1561
1562
1563
1564
1565
1566
1567
1568
1569
1570
1571
1572
1573
1574
1575
1577
1578
1579
1581
1582
1583
1584
1585
1587
1588
1589
1590
1592
1593
1599
1601
1602
1603
1604
1605
1606
1607
1608
1609
1611
1612
1613
1614
1616
1617
1618
1619
1620
1621
1630
1631
1632
1643
1644
1647
1649
1651
1652
1653
1656
1658
1661
1665
1666
1668
1669
1670
1671
1674
1675
1676
1677
1678
1680
1681
1682
1684
1688
1690
1692
1695
1697
1698
1703
1704
1706
1708
1711
1712
1714
1716
1717
1722
1723
1725
1726
1729
1730
1733
1734
1735
1736
1737
1738
1739
1740
1742
1743
1744
1745
1747
1748
1750
1751
1752
1754
1756
1759
1760
1761
1762
1764
1765
1766
1767
1768
1769
1770
1771
1772
1773
1774
1775
1776
1777
1780
1781
1782
1784
1785
1786
1788
1789
1790
1791
1792
1793
1794
1795
1797
1799
1800
1801
1802
1803
1804
1805
1806
1807
1808
1809
1810
1811
1812
1813
1814
1816
1817
1818
1819
1820
1821
1822
1823
1825
1826
1827
1828
1829
1830
1831
1832
1834
1835
1837
1838
1840
1841
1842
1843
1844
1846
1849
1850
1852
1853
1854
1855
1856
1857
1858
1859
1860
1861
1862
1864
1865
1866
1867
1869
1870
1871
1872
1873
1874
1875
1876
1878
1879
1880
1881
1882
1884
1885
1886
1887
1888
1889
1890
1891
1892
1893
1894
1895
1896
1897
1898
1899
1900
1901
1902
1903
1905
1907
1908
1909
1910
1912
1913
1914
1916
1918
1919
1920
1921
1922
1923
1924
1925
1927
1928
1930
1931
1932
1933
1934
1935
1936
1937
1938
1940
1941
1942
1944
1945
1946
1948
1949
1950
1953
1954
1955
1956
1957
1958
1959
1960
1962
1963
1964
1965
1966
1967
1970
1971
1972
1973
1975
1976
1977
1978
1979
1980
1982
1983
1984
1986
1988
1989
1990
1991
1993
1994
1995
1996
1997
1998
1999
2000
2001
2002
2003
2004
2005
2006
2007
2008
2009
2012
2014
2015
2017
2018
2019
2020
2021
2022
2024
2025
2026
2027
2028
2029
2030
2031
2033
2036
2038
2039
2040
2041
2042
2043
2044
2045
2046
2047
2048
2049
2050
2051
2052
2053
2054
2055
2056
2057
2058
2059
2060
2061
2062
2064
2065
2067
2068
2069
2070
2071
2072
2073
2074
2075
2077
2079
2080
2081
2082
2083
2084
2085
2086
2087
2088
2090
2092
2093
2094
2095
2096
2097
2098
2099
2100
2101
2102
2103
2104
2105
2106
2108
2109
2110
2112
2113
2114
2115
2116
2117
2119
2120
2121
2122
2123
2124
2125
2126
2129
2130
2131
2132
2134
2137
2138
2139
2140
2141
2142
2143
2144
2145
2146
2147
2148
2149
2150
2151
2152
2154
2155
2156
2157
2158
2159
2160
2161
2162
2163
2164
2165
2166
2167
2168
2169
2170
2171
2172
2173
2174
2175
2177
2178
2179
2180
2181
2182
2183
2184
2185
2186
2187
2188
2189
2190
2192
2193
2195
2197
2198
2199
2200
2201
2202
2203
2204
2206
2207
2208
2209
2210
2211
2212
2213
2214
2215
2216
2217
2218
2219
2220
2221
2222
2223
2224
2225
2226
2227
2228
2229
2231
2232
2233
2234
2235
2236
2238
2239
2240
2241
2242
2243
2244
2245
2246
2247
2248
2249
2250
2251
2252
2253
2254
2255
2256
2257
2259
2260
2261
2263
2264
2265
2266
2267
2268
2269
2270
2271
2272
2273
2274
2276
2277
2278
2279
2281
2282
2283
2284
2285
2286
2287
2288
2290
2291
2292
2293
2294
2295
2296
2297
2298
2299
2387
2395
2401
2402
2403
2404
2405
2406
2407
2408
2409
2410
2411
2412
2413
2414
2415
2416
2417
2418
2419
2420
2421
2422
2423
2424
2426
2427
2428
2429
2430
2431
2432
2433
2435
2437
2438
2442
2445
2446
2448
2449
2450
2452
2453
2454
2455
2456
2458
2459
2460
2461
2462
2463
2464
2465
2466
2467
2468
2469
2470
2471
2472
2473
2474
2475
2476
2477
2478
2479
2480
2481
2482
2483
2484
2485
2486
2487
2488
2489
2490
2492
2493
2494
2496
2497
2498
2499
2500
2501
2502
2503
2504
2505
2506
2507
2508
2509
2510
2511
2512
2513
2514
2515
2516
2517
2518
2519
2520
2521
2522
2523
2524
2525
2527
2528
2529
2530
2531
2532
2534
2536
2537
2538
2539
2540
2541
2542
2543
2544
2545
2546
2547
2548
2549
2551
2555
2557
2559
2560
2561
2562
2563
2564
2565
2566
2568
2569
2571
2572
2574
2575
2576
2577
2578
2579
2580
2581
2582
2583
2585
2587
2588
2589
2590
2591
2592
2593
2594
2595
2596
2597
2598
2599
2600
2601
2602
2603
2605
2606
2607
2608
2609
2610
2611
2612
2613
2614
2615
2616
2617
2618
2619
2620
2621
2623
2625
2626
2628
2629
2630
2631
2632
2633
2635
2636
2637
2638
2639
2641
2642
2643
2644
2645
2646
2647
2648
2650
2651
2652
2653
2654
2655
2656
2657
2659
2660
2661
2662
2663
2664
2666
2668
2670
2671
2673
2674
2675
2676
2677
2678
2681
2684
2685
2687
2688
2690
2691
2692
2694
2695
2696
2697
2698
2699
2700
2701
2702
2703
2704
2705
2706
2707
2708
2709
2710
2711
2712
2713
2714
2715
2716
2717
2718
2719
2720
2721
2722
2723
2724
2725
2726
2727
2728
2729
2730
2731
2732
2733
2734
2736
2737
2739
2740
2741
2742
2743
2744
2745
2746
2747
2749
2750
2751
2752
2753
2754
2755
2756
2757
2758
2759
2760
2761
2762
2763
2764
2765
2766
2767
2768
2769
2770
2772
2773
2774
2775
2776
2777
2778
2779
2780
2781
2782
2783
2784
2785
2786
2787
2788
2789
2790
2792
2794
2795
2796
2800
2801
2803
2805
2806
2807
2808
2809
2810
2811
2813
2814
2815
2816
2817
2818
2819
2820
2821
2822
2823
2824
2825
2826
2827
2828
2829
2830
2831
2832
2833
2834
2835
2836
2837
2838
2839
2840
2842
2843
2844
2845
2846
2847
2849
2850
2851
2852
2853
2855
2856
2857
2858
2859
2860
2861
2862
2863
2864
2865
2866
2867
2868
2869
2870
2871
2873
2874
2875
2876
2877
2878
2880
2881
2882
2883
2884
2885
2886
2888
2889
2890
2891
2892
2893
2894
2895
2896
2897
2898
2899
2900
2901
2902
2903
2904
2905
2906
2907
2908
2909
2910
2911
2912
2913
2914
2915
2916
2917
2918
2920
2924
2925
2926
2927
2928
2929
2930
2931
2932
2933
2934
2936
2937
2938
2939
2940
2941
2942
2943
2944
2945
2946
2947
2948
2949
2950
2951
2952
2953
2954
2955
2956
2957
2958
2959
2960
2961
2962
2963
2964
2965
2966
2967
2968
2969
2970
2971
2972
2973
2974
2975
2976
2978
2979
2980
2981
2982
2983
2984
2985
2986
2987
2988
2989
2990
2991
2992
2993
2994
2995
2996
2997
2998
2999
3000
3001
3002
3003
3004
3005
3006
3008
3009
3010
3011
3012
3013
3014
3015
3016
3017
3018
3019
3020
3021
3022
3023
3024
3025
3026
3027
3028
3029
3030
3031
3032
3033
3034
3035
3037
3038
3039
3040
3042
3043
3044
3045
3046
3047
3048
3049
3050
3051
3052
3053
3054
3055
3056
3057
3058
3059
3060
3061
3062
3063
3064
3066
3067
3068
3069
3070
3071
3072
3074
3076
3077
3078
3079
3080
3081
3082
3083
3084
3085
3086
3087
3091
3092
3093
3094
3095
3096
3098
3099
3100
3101
3102
3103
3104
3105
3106
3107
3108
3109
3110
3111
3112
3113
3114
3115
3116
3117
3118
3119
3121
3122
3123
3124
3125
3126
3127
3129
3130
3131
3132
3133
3134
3136
3138
3140
3141
3144
3145
3146
3147
3148
3149
3150
3151
3152
3153
3154
3155
3156
3157
3158
3159
3160
3161
3162
3163
3164
3165
3166
3167
3168
3169
3170
3171
3172
3173
3175
3176
3177
3178
3179
3180
3181
3182
3183
3184
3185
3186
3187
3188
3189
3190
3191
3192
3194
3195
3196
3198
3199
3200
3201
3202
3203
3204
3205
3206
3207
3208
3209
3210
3212
3213
3214
3215
3216
3217
3218
3219
3220
3221
3222
3223
3225
3226
3227
3228
3229
3230
3231
3232
3233
3234
3235
3236
3237
3238
3239
3240
3242
3243
3244
3245
3246
3247
3248
3249
3250
3252
3253
3254
3255
3256
3258
3259
3260
3261
3262
3263
3264
3265
3266
3267
3268
3269
3270
3271
3272
3273
3274
3275
3276
3277
3278
3279
3280
3281
3282
3283
3284
3285
3286
3287
3288
3289
3290
3291
3292
3294
3295
3296
3297
3298
3299
3300
3302
3303
3304
3306
3307
3308
3309
3310
3311
3312
3313
3314
3315
3316
3317
3318
3319
3320
3321
3322
3323
3324
3325
3326
3327
3328
3329
3330
3331
3332
3333
3335
3336
3339
3340
3341
3342
3343
3344
3345
3346
3348
3349
3350
3351
3352
3353
3354
3355
3356
3357
3360
3361
3362
3363
3365
3366
3367
3368
3369
3371
3372
3373
3374
3375
3376
3377
3379
3380
3381
3382
3384
3385
3386
3387
3388
3389
3390
3391
3392
3394
3395
3396
3397
3398
3399
3400
3401
3402
3403
3404
3405
3406
3407
3408
3409
3410
3411
3412
3413
3414
3416
3417
3418
3419
3420
3421
3422
3423
3424
3426
3427
3428
3429
3430
3431
3432
3433
3434
3435
3436
3437
3438
3439
3440
3441
3442
3444
3445
3446
3447
3448
3449
3450
3451
3452
3453
3454
3456
3457
3458
3459
3460
3461
3462
3463
3464
3465
3466
3467
3468
3469
3470
3473
3474
3475
3476
3477
3478
3479
3481
3482
3483
3484
3485
3487
3488
3489
3490
3491
3492
3493
3494
3495
3496
3497
3498
3499
3500
3501
3503
3504
3505
3506
3508
3509
3510
3511
3512
3513
3514
3515
3516
3517
3518
3519
3520
3521
3522
3523
3524
3525
3526
3528
3529
3530
3531
3533
3535
3537
3539
3540
3542
3543
3544
3545
3546
3547
3548
3558
3605
3606
3684
3686
3699
3732
3743
3747
3756
3757
3758
3760
3764
3765
3767
3768
3769
3772
3776
3777
3778
3780
3781
3782
3783
3785
3786
3787
3788
3789
3790
3791
3792
3793
3794
3795
3796
3797
3798
3801
3803
3804
3805
3806
3807
3808
3810
3811
3812
3813
3814
3815
3816
3817
3818
3820
3821
3823
3824
3825
3826
3827
3828
3830
3831
3832
3835
3836
3837
3838
3839
3840
3841
3842
3843
3844
3845
3846
3847
3848
3850
3851
3852
3853
3854
3855
3856
3857
3858
3859
3860
3861
3862
3863
3864
3865
3866
3867
3868
3869
3870
3871
3872
3875
3876
3877
3878
3879
3880
3881
3883
3884
3886
3888
3889
3890
3892
3894
3895
3896
3897
3898
3899
3901
3902
3903
3904
3905
3906
3907
3908
3909
3910
3911
3912
3914
3915
3916
3918
3919
3921
3922
3923
3924
3926
3927
3929
3930
3931
3932
3933
3934
3935
3937
3938
3939
3940
3943
3945
3946
3948
3949
3950
3951
3952
3953
3954
3955
3956
3958
3959
3960
3961
3963
3964
3965
3966
3967
3969
3971
3972
3973
3974
3975
3976
3977
3978
3979
3980
3981
3982
3985
3986
3987
3988
3989
3990
3992
3993
3994
3996
3997
3998
4000
4008
4009
4010
4011
4012
4013
4014
4015
4016
4017
4018
4019
4020
4021
4022
4023
4025
4028
4031
4032
4033
4034
4035
4036
4037
4038
4039
4040
4041
4042
4043
4044
4045
4047
4048
4050
4051
4052
4053
4055
4056
4057
4058
4059
4060
4061
4062
4063
4064
4065
4067
4068
4069
4070
4071
4074
4076
4077
4078
4079
4080
4081
4082
4083
4085
4086
4087
4088
4090
4091
4092
4093
4094
4095
4096
4097
4098
4099
4100
4101
4102
4103
4104
4105
4106
4107
4108
4109
4110
4111
4112
4113
4114
4115
4116
4117
4118
4119
4120
4121
4122
4123
4124
4126
4127
4128
4129
4130
4131
4132
4133
4134
4135
4136
4137
4138
4139
4140
4141
4142
4143
4144
4146
4147
4148
4149
4151
4152
4153
4154
4155
4157
4158
4159
4161
4162
4163
4164
4165
4168
4169
4170
4172
4173
4174
4175
4176
4177
4178
4179
4181
4182
4183
4184
4185
4186
4187
4188
4189
4190
4192
4193
4194
4195
4196
4197
4198
4199
4200
4201
4202
4203
4204
4205
4206
4207
4208
4209
4210
4212
4213
4214
4215
4216
4218
4219
4220
4221
4222
4223
4224
4225
4226
4227
4228
4229
4232
4233
4234
4235
4236
4237
4238
4239
4240
4241
4242
4243
4245
4246
4247
4248
4249
4250
4267
4269
4271
4279
4299
4302
4312
4318
4320
4321
4323
4335
4338
4345
4347
4350
4355
4357
4366
4372
4379
4381
4388
4389
4391
4392
4398
4400
4402
4403
4406
4407
4408
4409
4410
4411
4412
4414
4416
4417
4451
4452
4453
4455
4456
4457
4458
4459
4460
4462
4463
4464
4466
4467
4468
4469
4471
4473
4474
4475
4476
4477
4479
4480
4481
4482
4486
4488
4489
4491
4494
4495
4497
4498
4499
4500
4501
4503
4505
4508
4509
4510
4512
4513
4515
4516
4517
4521
4522
4523
4524
4525
4526
4527
4531
4532
4533
4534
4537
4540
4542
4543
4544
4545
4546
4547
4548
4549
4550
4551
4553
4556
4557
4558
4559
4560
4562
4564
4566
4567
4568
4569
4571
4574
4575
4576
4840
4841
4843
4845
4846
4847
4848
4849
4850
4851
4852
4853
4854
4855
4856
4857
4858
4859
4860
4861
4862
4863
4864
4865
4866
4867
4868
4869
4870
4871
4872
4873
4874
4875
4876
4877
4878
4879
4880
4881
4882
4883
4884
4885
4886
4887
4888
4889
4890
4891
4893
4894
4895
4896
4900
4901
4903
4905
4906
4908
4910
4911
4912
4913
4914
4916
4917
4918
4919
4920
4921
4923
4924
4925
4927
4928
4929
4930
4931
4932
4933
4934
4935
4936
4937
4939
4941
4942
4943
4944
4945
4946
4947
4948
4949
4950
4951
4952
4953
4954
4955
4956
4957
4958
4959
4960
4961
4962
4963
4964
4965
4966
4967
4968
4969
4970
4971
4972
4973
4974
4976
4977
4978
4979
4980
4982
4983
4985
4986
4987
4988
4989
4990
4991
4992
4993
4994
4995
4996
4997
4999
5000
5001
5002
5003
5004
5005
5006
5007
5008
5009
5010
5011
5012
5013
5014
5015
5017
5018
5019
5020
5021
5022
5023
5024
5025
5027
5028
5029
5030
5032
5034
5035
5038
5039
5041
5042
5044
5045
5046
5047
5048
5049
5050
5051
5052
5053
5055
5056
5057
5058
5059
5060
5061
5062
5063
5065
5066
5067
5068
5069
5070
5071
5072
5073
5074
5075
5076
5079
5080
5081
5082
5083
5085
5086
5087
5088
5089
5090
5091
5092
5093
5094
5095
5096
5097
5098
5099
5100
5101
5102
5103
5104
5105
5106
5107
5108
5109
5110
5111
5112
5113
5114
5115
5116
5117
5119
5120
5121
5122
5123
5124
5126
5127
5128
5129
5130
5131
5132
5133
5134
5135
5136
5137
5140
5141
5142
5143
5144
5145
5146
5147
5148
5149
5150
5151
5154
5155
5158
5160
5161
5164
5165
5169
5171
5172
5175
5176
5177
5178
5179
5180
5181
5182
5183
5184
5185
5186
5187
5189
5191
5192
5193
5194
5195
5196
5197
5198
5199
5200
5201
5203
5204
5205
5206
5207
5208
5209
5210
5211
5212
5213
5216
5217
5218
5219
5220
5221
5222
5223
5224
5225
5226
5228
5229
5230
5231
5232
5233
5234
5235
5236
5237
5238
5239
5240
5241
5242
5243
5244
5245
5246
5247
5248
5249
5250
5251
5252
5253
5254
5255
5256
5257
5258
5259
5260
5262
5263
5264
5265
5266
5267
5268
5270
5271
5272
5274
5275
5276
5277
5278
5279
5281
5282
5284
5285
5286
5287
5289
5290
5291
5292
5293
5294
5295
5296
5297
5300
5301
5302
5303
5304
5305
5306
5307
5308
5309
5310
5311
5312
5313
5314
5315
5316
5317
5318
5321
5322
5325
5326
5327
5328
5331
5334
5335
5336
5337
5338
5341
5342
5343
5344
5345
5346
5347
5348
5349
5350
5351
5352
5353
5354
5355
5356
5357
5358
5359
5360
5361
5362
5363
5364
5365
5366
5367
5368
5369
5370
5371
5372
5373
5374
5375
5376
5377
5378
5379
5380
5381
5382
5383
5384
5385
5386
5387
5388
5389
5390
5391
5392
5393
5394
5395
5396
5397
5398
5399
5400
5401
5402
5403
5404
5405
5406
5407
5408
5409
5410
5414
5415
5417
5418
5419
5420
5421
5426
5427
5428
5429
5430
5431
5432
5433
5434
5436
5437
5438
5439
5440
5441
5443
5444
5445
5446
5447
5448
5449
5450
5451
5452
5453
5454
5455
5456
5457
5458
5459
5460
5461
5462
5463
5464
5465
5466
5467
5468
5469
5470
5471
5472
5473
5474
5475
5476
5477
5478
5479
5480
5481
5482
5483
5484
5485
5486
5487
5488
5489
5491
5492
5493
5494
5495
5496
5497
5498
5499
5501
5502
5503
5505
5506
5507
5508
5509
5510
5511
5512
5513
5514
5516
5518
5519
5520
5521
5522
5524
5525
5526
5527
5528
5530
5531
5532
5534
5535
5536
5537
5538
5540
5541
5542
5543
5544
5546
5548
5549
5550
5551
5552
5553
5554
5555
5556
5559
5560
5561
5563
5564
5565
5566
5571
5572
5574
5576
5577
5578
5579
5580
5581
5582
5585
5586
5588
5589
5591
5592
5594
5597
5598
5599
5600
5601
5602
5603
5604
5605
5606
5607
5608
5609
5610
5611
5612
5613
5615
5616
5617
5618
5619
5621
5622
5623
5624
5625
5626
5627
5628
5630
5631
5632
5633
5635
5636
5637
5638
5639
5640
5641
5642
5643
5644
5645
5646
5647
5648
5650
5651
5652
5653
5654
5655
5657
5658
5659
5660
5661
5662
5663
5664
5665
5666
5667
5668
5669
5670
5671
5672
5673
5674
5675
5676
5677
5678
5679
5680
5681
5682
5683
5684
5685
5686
5687
5688
5689
5690
5691
5692
5693
5694
5695
5696
5697
5698
5699
5700
5701
5702
5703
5704
5706
5710
5711
5712
5713
5715
5716
5719
5720
5721
5723
5724
5725
5726
5727
5728
5729
5730
5731
5732
5733
5734
5735
5737
5738
5740
5741
5742
5743
5744
5745
5746
5747
5749
5750
5751
5752
5753
5754
5755
5756
5757
5758
5759
5761
5762
5763
5764
5765
5766
5767
5768
5769
5770
5771
5772
5773
5774
5775
5776
5777
5778
5779
5780
5781
5782
5783
5784
5785
5786
5787
5788
5789
5790
5791
5792
5793
5794
5795
5796
5797
5798
5799
5800
5802
5803
5804
5805
5806
5807
5808
5809
5810
5812
5813
5814
5815
5816
5817
5818
5820
5821
5822
5823
5824
5825
5827
5829
5830
5831
5832
5835
5836
5837
5838
5840
5842
5843
5844
5845
5846
5847
5848
5849
5850
5851
5852
5853
5854
5855
5856
5857
5858
5859
5860
5861
5862
5863
5864
5865
5866
5867
5868
5869
5870
5871
5873
5875
5876
5877
5878
5880
5881
5882
5883
5884
5885
5886
5887
5888
5889
5890
5891
5892
5893
5894
5895
5896
5897
5898
5899
5900
5901
5902
5903
5904
5905
5906
5907
5908
5910
5911
5914
5915
5916
5918
5919
5920
5921
5922
5923
5924
5925
5926
5927
5928
5929
5930
5931
5932
5934
5935
5936
5937
5939
5940
5941
5942
5943
5945
5946
5947
5949
5950
5951
5952
5953
5955
5956
5957
5958
5959
5960
5961
5962
5963
5969
5971
5972
5973
5974
5975
5976
5977
5980
5985
5989
5990
5991
5992
5996
5997
5998
5999
6000
6005
6006
6007
6009
6011
6013
6014
6017
6018
6021
6024
6026
6027
6037
6042
6050
6052
6053
6054
6056
6057
6059
6060
6061
6062
6063
6064
6065
6066
6069
6070
6071
6072
6073
6074
6075
6076
6077
6085
6087
6088
6089
6090
6091
6092
6093
6094
6095
6096
6097
6098
6099
6100
6101
6103
6104
6105
6106
6107
6108
6109
6110
6111
6112
6113
6114
6115
6116
6117
6118
6119
6120
6121
6122
6123
6124
6125
6126
6127
6128
6130
6131
6134
6135
6136
6138
6139
6140
6141
6142
6143
6144
6145
6146
6147
6148
6149
6150
6151
6152
6153
6154
6155
6157
6159
6160
6161
6162
6164
6166
6167
6168
6169
6170
6171
6172
6173
6174
6175
6176
6177
6178
6180
6181
6182
6185
6186
6190
6191
6193
6194
6196
6197
6200
6201
6202
6204
6205
6206
6207
6208
6209
6210
6211
6213
6214
6215
6216
6217
6218
6219
6220
6221
6222
6223
6224
6226
6227
6228
6229
6230
6231
6232
6233
6234
6235
6237
6238
6239
6240
6241
6242
6243
6244
6245
6246
6248
6249
6250
6251
6252
6253
6254
6255
6256
6257
6259
6260
6261
6262
6264
6265
6268
6269
6270
6271
6272
6273
6275
6276
6277
6278
6279
6280
6281
6283
6284
6285
6287
6288
6289
6290
6291
6293
6295
6296
6297
6299
6301
6302
6303
6304
6306
6307
6309
6310
6311
6313
6314
6315
6316
6318
6319
6322
6323
6324
6325
6326
6328
6330
6332
6333
6334
6335
6336
6337
6338
6339
6340
6341
6342
6343
6344
6345
6346
6347
6349
6350
6351
6352
6353
6356
6357
6358
6359
6360
6361
6362
6364
6366
6367
6368
6369
6371
6372
6373
6374
6375
6377
6378
6379
6380
6382
6383
6384
6386
6387
6389
6390
6391
6392
6393
6394
6395
6397
6400
6406
6407
6408
6409
6410
6411
6412
6413
6414
6415
6417
6418
6419
6420
6421
6422
6423
6424
6425
6426
6427
6432
6433
6434
6435
6436
6438
6440
6441
6443
6444
6445
6448
6449
6450
6451
6453
6454
6455
6457
6459
6460
6461
6462
6463
6464
6465
6466
6467
6468
6469
6470
6471
6472
6473
6474
6475
6476
6478
6479
6480
6481
6482
6483
6484
6485
6486
6488
6489
6490
6492
6493
6494
6495
6496
6497
6498
6499
6501
6502
6503
6504
6506
6507
6508
6509
6510
6511
6512
6513
6515
6516
6517
6518
6519
6520
6521
6522
6524
6525
6527
6529
6530
6531
6532
6533
6535
6536
6538
6541
6543
6544
6545
6546
6547
6548
6549
6550
6552
6554
6555
6556
6557
6558
6559
6560
6561
6562
6563
6565
6566
6567
6568
6569
6570
6571
6572
6573
6574
6575
6576
6577
6578
6579
6580
6582
6583
6584
6585
6586
6587
6588
6589
6590
6591
6592
6593
6594
6595
6596
6597
6598
6599
6600
6601
6603
6604
6605
6606
6607
6608
6609
6610
6611
6612
6613
6614
6615
6616
6617
6618
6620
6621
6623
6624
6625
6626
6628
6629
6631
6632
6633
6634
6635
6636
6637
6638
6639
6641
6642
6643
6645
6646
6647
6648
6649
6650
6652
6653
6654
6655
6656
6657
6658
6659
6660
6661
6662
6664
6665
6666
6667
6668
6669
6670
6671
6672
6673
6674
6675
6676
6677
6678
6679
6680
6682
6683
6684
6685
6686
6687
6688
6689
6690
6691
6692
6693
6695
6696
6697
6698
6699
6700
6701
6702
6704
6705
6706
6707
6708
6709
6710
6711
6712
6713
6715
6716
6717
6718
6719
6720
6721
6722
6723
6724
6725
6726
6727
6728
6729
6730
6731
6732
6733
6734
6735
6736
6737
6738
6739
6740
6741
6742
6743
6744
6745
6746
6747
6748
6749
6751
6752
6753
6755
6757
6758
6760
6761
6762
6763
6765
6766
6767
6768
6769
6771
6772
6773
6775
6776
6777
6779
6780
6781
6783
6784
6785
6786
6787
6788
6789
6790
6791
6792
6794
6795
6796
6797
6798
6799
6800
6801
6802
6803
6804
6805
6806
6807
6808
6809
6810
6811
6812
6813
6814
6815
6816
6817
6818
6819
6822
6823
6824
6826
6827
6828
6829
6830
6831
6832
6833
6836
6837
6838
6839
6840
6841
6842
6843
6844
6846
6847
6848
6849
6850
6851
6852
6853
6854
6855
6856
6857
6858
6859
6860
6861
6862
6863
6864
6865
6866
6867
6868
6869
6870
6871
6872
6874
6875
6876
6877
6878
6879
6881
6882
6884
6885
6886
6887
6888
6889
6890
6891
6893
6894
6895
6896
6898
6900
6901
6902
6903
6904
6905
6906
6907
6908
6909
6910
6911
6912
6913
6914
6915
6916
6919
6920
6922
6923
6924
6925
6926
6927
6928
6929
6930
6931
6932
6933
6934
6935
6936
6937
6939
6941
6942
6943
6944
6945
6947
6948
6949
6950
6951
6952
6953
6954
6956
6958
6959
6960
6961
6962
6963
6964
6965
6966
6967
6968
6969
6970
6973
6975
6976
6979
6980
6981
6982
6983
6984
6985
6986
6987
6988
6989
6990
6991
6992
8056
8057
8058
8059
8060
8061
8062
8063
8064
8065
8066
8067
8069
8070
8071
8073
8074
8075
8076
8077
8078
8080
8083
8084
8085
8086
8087
8088
8089
8090
8091
8092
8093
8094
8095
8097
8098
8099
8100
8101
8104
8105
8106
8107
8108
8109
8111
8113
8115
8117
8118
8119
8121
8122
8123
8124
8125
8126
8127
8128
8129
8130
8131
8132
8133
8134
8135
8136
8137
8138
8139
8140
8141
8142
8143
8144
8146
8147
8148
8149
8150
8151
8152
8153
8154
8155
8156
8157
8158
8159
8160
8161
8162
8163
8164
8165
8166
8167
8168
8169
8170
8172
8173
8175
8176
8177
8178
8179
8181
8182
8183
8184
8185
8186
8187
8189
8190
8191
8193
8194
8195
8196
8198
8199
8200
8202
8203
8204
8205
8206
8207
8208
8210
8211
8212
8213
8214
8218
8219
8220
8221
8222
8223
8224
8226
8227
8228
8229
8230
8231
8232
8233
8235
8236
8237
8238
8240
8241
8242
8243
8244
8245
8247
8248
8249
8250
8253
8254
8255
8257
8258
8259
8260
8261
8262
8263
8264
8265
8266
8268
8269
8270
8271
8272
8274
8275
8277
8278
8279
8281
8282
8284
8285
8286
8287
8288
8289
8290
8291
8292
8293
8294
8295
8296
8298
8299
8300
8301
8302
8303
8304
8305
8307
8311
8312
8313
8314
8316
8317
8318
8319
8320
8321
8324
8325
8326
8327
8328
8329
8331
8333
8334
8335
8336
8337
8338
8339
8340
8341
8343
8345
8346
8347
8348
8351
8352
8353
8354
8355
8357
8358
8359
8360
8361
8362
8363
8364
8365
8366
8367
8368
8369
8370
8371
8372
8374
8375
8376
8377
8378
8379
8381
8383
8385
8386
8388
8389
8390
8391
8392
8393
8395
8398
8399
8400
8401
8402
8403
8404
8405
8406
8407
8408
8409
8410
8411
8412
8413
8414
8418
8419
8420
8421
8422
8423
8425
8426
8427
8428
8429
8430
8431
8432
8433
8434
8435
8437
8439
8441
8442
8443
8444
8445
8446
8447
8448
8449
8451
8452
8453
8454
8455
8456
8458
8460
8461
8462
8463
8464
8465
8467
8468
8469
8470
8471
8472
8473
8475
8476
8477
8478
8479
8483
8484
8486
8487
8488
8490
8491
8492
8493
8494
8497
8500
8501
8502
8505
8506
8507
8508
8510
8511
8512
8517
8519
8520
8522
8523
8524
8525
8526
8529
8530
8531
8532
8533
8535
8536
8537
8538
8540
8541
8543
8544
8548
8549
8550
8552
8554
8555
8556
8562
8563
8565
8567
8568
8570
8573
8575
8576
8577
8579
8580
8581
8582
8587
8590
8591
8593
8594
8595
8597
8598
8599
8601
8602
8604
8606
8608
8610
8611
8612
8613
8614
8615
8616
8617
8618
8619
8620
8621
8622
8623
8624
8625
8626
8627
8628
8629
8631
8632
8633
8634
8635
8636
8637
8638
8639
8640
8641
8642
8643
8644
8645
8646
8647
8648
8649
8650
8651
8652
8653
8654
8656
8657
8658
8659
8660
8661
8662
8663
8664
8665
8666
8667
8668
8670
8671
8672
8673
8674
8675
8676
8677
8678
8679
8681
8682
8683
8684
8686
8687
8689
8690
8691
8692
8693
8694
8695
8696
8697
8698
8699
8700
8701
8702
8703
8704
8705
8706
8707
8708
8710
8711
8712
8713
8715
8716
8717
8718
8719
8720
8721
8722
8723
8724
8725
8726
8727
8728
8729
8730
8732
8733
8734
8735
8736
8737
8738
8739
8740
8741
8742
8743
8744
8747
8748
8749
8751
8753
8754
8756
8758
8759
8761
8763
8764
8765
8766
8767
8768
8769
8770
8771
8772
8773
8775
8776
8777
8778
8779
8780
8782
8783
8784
8786
8787
8789
8791
8793
8794
8795
8797
8798
8799
8800
8801
8802
8803
8804
8806
8807
8808
8809
8810
8811
8812
8814
8815
8816
8817
8818
8819
8820
8821
8822
8823
8824
8826
8827
8828
8830
8831
8833
8834
8835
8836
8837
8838
8840
8841
8843
8844
8845
8847
8848
8849
8850
8851
8852
8854
8855
8856
8857
8858
8859
8860
8861
8863
8864
8865
8866
8867
8870
8871
8872
8873
8875
8876
8877
8878
8879
8880
8881
8882
8883
8884
8885
8886
8887
8888
8889
8890
8891
8892
8893
8894
8895
8896
8897
8898
8899
8900
8901
8902
8903
8904
8905
8906
8907
8908
8909
8910
8911
8912
8913
8914
8915
8916
8917
8918
8920
8921
8922
8925
8926
8927
8929
8932
8933
8935
8936
8937
8938
8940
8941
8943
8944
8946
8947
8948
8949
8950
8951
8952
8953
8954
8955
8956
8957
8958
8960
8963
8964
8965
8966
8967
8968
8969
8970
8971
8972
8973
8974
8975
8976
8977
8978
8979
8980
8982
8983
8984
8985
8986
8987
8989
8990
8991
8992
8994
8995
8996
8997
8998
8999
9001
9002
9003
9004
9005
9007
9008
9009
9011
9012
9013
9015
9016
9017
9018
9021
9022
9023
9024
9025
9026
9028
9029
9030
9031
9032
9033
9036
9037
9038
9039
9040
9041
9042
9043
9044
9046
9047
9048
9049
9051
9052
9053
9054
9055
9056
9059
9060
9061
9062
9063
9065
9066
9067
9072
9073
9075
9076
9077
9078
9079
9083
9086
9089
9090
9091
9092
9093
9094
9096
9097
9098
9100
9101
9102
9103
9105
9107
9108
9109
9110
9111
9112
9115
9116
9117
9118
9119
9120
9122
9123
9125
9126
9127
9129
9130
9131
9132
9133
9134
9135
9136
9137
9138
9139
9140
9141
9142
9144
9145
9146
9147
9148
9150
9151
9152
9156
9158
9159
9163
9164
9165
9166
9167
9168
9169
9170
9171
9172
9173
9176
9177
9179
9180
9181
9182
9187
9189
9191
9193
9195
9196
9197
9198
9200
9202
9205
9206
9207
9208
9209
9210
9211
9212
9213
9214
9215
9216
9217
9218
9220
9221
9222
9223
9225
9227
9228
9229
9230
9231
9232
9235
9236
9237
9239
9241
9243
9246
9249
9250
9251
9252
9253
9254
9255
9257
9258
9259
9260
9262
9264
9265
9267
9269
9270
9271
9272
9275
9276
9277
9278
9279
9280
9281
9282
9284
9285
9286
9287
9288
9289
9290
9291
9292
9293
9296
9297
9298
9299
9300
9303
9304
9305
9306
9308
9309
9310
9311
9312
9313
9314
9315
9316
9317
9319
9320
9321
9322
9323
9324
9327
9328
9329
9331
9332
9334
9335
9336
9337
9338
9339
9340
9341
9342
9343
9345
9346
9347
9349
9350
9351
9352
9353
9354
9355
9356
9357
9358
9360
9361
9362
9363
9364
9365
9366
9367
9368
9369
9370
9372
9373
9374
9375
9377
9378
9379
9381
9382
9383
9384
9386
9387
9388
9390
9391
9393
9394
9395
9396
9397
9398
9399
9401
9402
9403
9405
9406
9407
9409
9410
9411
9412
9413
9414
9416
9417
9418
9419
9420
9421
9422
9423
9424
9426
9427
9428
9429
9430
9431
9432
9433
9434
9435
9436
9437
9439
9440
9441
9444
9445
9447
9448
9449
9450
9451
9453
9454
9456
9457
9458
9459
9460
9461
9462
9463
9464
9465
9466
9468
9469
9470
9472
9473
9474
9475
9476
9477
9478
9480
9481
9482
9483
9484
9485
9488
9491
9492
9493
9494
9495
9497
9498
9499
9500
9501
9502
9504
9505
9506
9507
9508
9509
9510
9511
9512
9513
9514
9515
9516
9517
9518
9519
9520
9521
9522
9523
9525
9526
9527
9528
9529
9530
9531
9532
9533
9534
9535
9536
9537
9538
9540
9541
9542
9543
9545
9546
9547
9548
9549
9550
9551
9552
9553
9554
9555
9556
9557
9558
9559
9560
9561
9562
9563
9564
9565
9566
9567
9568
9569
9570
9571
9572
9573
9574
9575
9576
9577
9578
9579
9580
9581
9582
9583
9584
9585
9586
9587
9588
9589
9590
9591
9592
9593
9594
9595
9596
9597
9598
9599
9600
9601
9602
9603
9604
9605
9606
9607
9608
9610
9611
9614
9615
9616
9617
9618
9619
9620
9621
9623
9624
9625
9626
9627
9628
9629
9630
9631
9632
9633
9634
9635
9636
9637
9638
9640
9641
9643
9644
9646
9648
9650
9651
9652
9653
9655
9657
9659
9661
9663
9665
9666
9667
9671
9672
9673
9675
9677
9678
9679
9680
9683
9684
9685
9687
9688
9689
9690
9691
9692
9693
9694
9698
9699
9701
9703
9704
9707
9708
9710
9714
9715
9718
9719
9721
9722
9723
9725
9726
9728
9729
9730
9731
9732
9733
9734
9735
9736
9740
9741
9742
9743
9745
9748
9749
9750
9751
9752
9753
9757
9759
9760
9763
9764
9765
9766
9768
9771
9772
9773
9774
9776
9779
9780
9781
9782
9784
9785
9787
9788
9789
9792
9793
9794
9795
9796
9797
9798
9800
9801
9802
9803
9805
9806
9807
9808
9812
9813
9814
9815
9816
9819
9820
9821
9822
9824
9825
9826
9829
9830
9831
9832
9833
9834
9836
9837
9838
9839
9840
9841
9842
9843
9844
9845
9846
9847
9849
9850
9852
9853
9855
9857
9858
9859
9860
9861
9862
9863
9864
9867
9868
9869
9870
9873
9874
9875
9878
9879
9881
9882
9883
9886
9887
9888
9891
9894
9895
9896
9897
9901
9902
9903
9904
9905
9906
9908
9910
9911
9912
9913
9914
9915
9916
9917
9918
9919
9921
9922
9923
9924
9925
9926
9927
9928
9929
9930
9931
9932
9934
9935
9937
9938
9939
9940
9941
9942
9943
9944
9945
9948
9949
9950
9951
9954
9955
9956
9957
9959
9960
9961
9962
9963
9966
9967
9968
9970
9972
9973
9974
9975
9976
9977
9980
9981
9982
9984
9985
9986
9987
9989
9991
9992
9993
9994
9995
9996
9997
9998
9999
10000
10003
10004
10005
10006
10007
10010
10012
10014
10015
10016
10017
10018
10019
10020
10021
10022
10025
10026
10028
10031
10032
10034
10035
10036
10037
10040
10041
10042
10045
10046
10048
10049
10051
10052
10053
10054
10059
10061
10062
10063
10064
10066
10067
10068
10069
10070
10071
10073
10075
10076
10078
10080
10081
10083
10084
10085
10086
10087
10088
10089
10091
10092
10094
10095
10096
10097
10098
10099
10100
10102
10103
10104
10105
10106
10108
10109
10110
10111
10112
10113
10115
10116
10117
10119
10120
10121
10122
10123
10125
10126
10128
10129
10130
10131
10133
10134
10136
10137
10139
10140
10141
10142
10143
10144
10145
10146
10147
10148
10149
10151
10152
10153
10154
10155
10156
10158
10159
10161
10162
10164
10165
10166
10167
10168
10172
10174
10175
10177
10178
10179
10180
10182
10185
10186
10187
10188
10189
10191
10192
10193
10195
10196
10197
10198
10199
10204
10205
10206
10207
10208
10209
10211
10212
10215
10217
10219
10220
10221
10222
10223
10225
10226
10227
10229
10231
10232
10234
10235
10236
10237
10239
10241
10242
10243
10244
10245
10246
10247
10249
10250
10251
10252
10256
10257
10259
10260
10261
10262
10263
10264
10265
10266
10267
10268
10269
10271
10273
10274
10275
10277
10278
10279
10280
10283
10284
10285
10287
10288
10289
10290
10292
10293
10294
10296
10297
10298
10299
10300
10301
10305
10306
10307
10308
10309
10310
10312
10314
10315
10317
10318
10320
10323
10324
10327
10328
10331
10334
10336
10338
10339
10340
10341
10342
10343
10345
10346
10354
10356
10357
10358
10359
10360
10362
10365
10371
10372
10374
10375
10376
10377
10379
10381
10382
10383
10384
10385
10386
10387
10388
10389
10392
10393
10394
10396
10397
10398
10399
10400
10403
10404
10407
10408
10409
10410
10411
10412
10414
10415
10416
10418
10419
10420
10421
10422
10423
10424
10426
10427
10428
10430
10432
10433
10434
10435
10439
10440
10441
10442
10443
10444
10450
10451
10452
10453
10454
10455
10456
10458
10459
10460
10461
10462
10463
10464
10466
10467
10468
10469
10470
10471
10472
10473
10475
10476
10477
10478
10479
10481
10483
10484
10485
10486
10487
10488
10489
10490
10491
10492
10494
10495
10498
10499
10500
10503
10504
10505
10506
10507
10508
10509
10511
10512
10515
10516
10517
10518
10519
10520
10521
10522
10523
10526
10527
10529
10530
10531
10532
10533
10534
10535
10536
10537
10538
10539
10540
10541
10542
10543
10544
10545
10546
10548
10549
10550
10552
10553
10554
10555
10556
10557
10558
10559
10560
10561
10562
10563
10564
10565
10566
10567
10568
10569
10570
10571
10573
10574
10575
10576
10578
10579
10580
10581
10582
10583
10584
10585
10587
10588
10590
10591
10594
10595
10596
10597
10598
10599
10600
10601
10602
10603
10604
10605
10606
10607
10608
10609
10612
10613
10614
10615
10616
10617
10618
10619
10620
10621
10622
10623
10624
10625
10626
10627
10628
10629
10630
10631
10632
10633
10634
10635
10636
10637
10638
10639
10640
10641
10642
10643
10644
10645
10646
10648
10649
10650
10651
10652
10653
10654
10655
10657
10658
10660
10661
10663
10664
10665
10666
10668
10669
10670
10671
10672
10673
10674
10675
10676
10677
10681
10682
10683
10685
10686
10687
10688
10689
10690
10691
10692
10694
10696
10697
10699
10700
10701
10703
10704
10705
10708
10710
10712
10713
10714
10715
10716
10718
10719
10721
10722
10726
10727
10728
10729
10730
10731
10732
10734
10735
10736
10737
10738
10739
10740
10741
10742
10743
10744
10746
10747
10748
10749
10751
10752
10754
10755
10757
10758
10759
10760
10761
10762
10763
10766
10767
10769
10770
10773
10774
10776
10779
10780
10783
10784
10785
10786
10787
10788
10790
10791
10792
10794
10795
10796
10798
10799
10801
10802
10803
10804
10805
10807
10808
10809
10810
10812
10813
10814
10815
10816
10817
10818
10819
10820
10821
10822
10825
10826
10827
10828
10829
10830
10832
10833
10834
10835
10836
10837
10838
10839
10840
10841
10842
10843
10844
10845
10846
10847
10848
10849
10850
10851
10852
10853
10855
10857
10858
10859
10860
10861
10862
10863
10864
10865
10866
10867
10868
10869
10870
10871
10872
10873
10874
10875
10876
10878
10879
10880
10882
10883
10884
10885
10886
10888
10889
10890
10892
10893
10895
10896
10897
10898
10901
10903
10904
10905
10907
10908
10909
10910
10911
10912
10914
10915
10916
10918
10920
10921
10922
10923
10924
10926
10927
10928
10929
10932
10933
10934
10935
10937
10938
10940
10945
10947
10948
10950
10951
10952
10953
10954
10955
10956
10957
10958
10959
10960
10961
10962
10963
10965
10966
10967
10968
10970
10971
10973
10974
10975
10976
10978
10979
10980
10982
10985
10986
10988
10989
10990
10991
10992
10993
10994
10995
10996
10998
11001
11003
11004
11006
11007
11008
11009
11010
11011
11012
11013
11014
11015
11016
11018
11019
11020
11021
11022
11024
11025
11026
11027
11028
11029
11030
11031
11032
11033
11034
11035
11036
11037
11038
11039
11040
11041
11042
11043
11045
11046
11047
11048
11049
11050
11052
11054
11055
11056
11058
11059
11060
11061
11062
11064
11065
11066
11067
11068
11069
11070
11071
11072
11073
11074
11075
11076
11077
11078
11079
11080
11082
11083
11084
11085
11086
11087
11088
11090
11091
11092
11093
11094
11095
11096
11097
11098
11100
11101
11103
11104
11105
11106
11107
11108
11109
11110
11111
11112
11113
11114
11115
11116
11117
11118
11119
11120
11121
11122
11124
11126
11128
11129
11130
11132
11134
11135
11136
11137
11138
11139
11140
11141
11143
11144
11145
11146
11147
11148
11149
11150
11151
11152
11154
11155
11156
11157
11158
11159
11160
11162
11163
11164
11165
11166
11167
11168
11170
11171
11172
11173
11174
11175
11176
11177
11178
11179
11180
11181
11184
11185
11186
11188
11189
11191
11193
11194
11195
11196
11197
11198
11200
11201
11202
11203
11204
11205
11206
11207
11208
11209
11210
11211
11212
11213
11214
11215
11216
11218
11219
11220
11221
11222
11223
11224
11226
11227
11228
11229
11230
11231
11233
11234
11235
11236
11238
11239
11240
11242
11243
11244
11245
11246
11247
11248
11249
11250
11252
11253
11254
11255
11256
11257
11258
11259
11260
11263
11264
11265
11266
11269
11270
11272
11274
11276
11278
11279
11280
11282
11283
11284
11285
11286
11287
11288
11289
11290
11291
11294
11295
11296
11297
11298
11300
11301
11303
11305
11307
11308
11309
11311
11312
11313
11316
11318
11319
11320
11321
11323
11325
11327
11328
11329
11330
11331
11332
11333
11334
11336
11337
11338
11339
11340
11342
11343
11344
11345
11346
11347
11350
11351
11352
11354
11355
11359
11360
11361
11362
11363
11365
11366
11367
11368
11369
11370
11371
11372
11375
11376
11377
11378
11380
11381
11384
11385
11386
11387
11388
11389
11390
11393
11394
11395
11396
11397
11398
11399
11400
11401
11402
11403
11404
11405
11406
11407
11408
11409
11411
11412
11413
11417
11418
11419
11421
11422
11423
11424
11425
11426
11427
11428
11429
11431
11433
11434
11437
11439
11440
11441
11442
11443
11444
11446
11447
11448
11449
11451
11452
11453
11454
11458
11459
11460
11461
11464
11465
11467
11468
11469
11470
11471
11472
11473
11474
11476
11478
11479
11480
11481
11482
11483
11485
11486
11487
11488
11489
11490
11491
11492
11493
11494
11495
11496
11497
11498
11499
11500
11501
11502
11503
11504
11506
11507
11508
11509
11511
11512
11513
11514
11515
11516
11517
11518
11519
11520
11521
11522
11523
11524
11527
11528
11529
11530
11531
11532
11533
11534
11535
11537
11538
11539
11540
11541
11542
11543
11545
11546
11547
11548
11549
11551
11552
11553
11555
11556
11557
11559
11560
11561
11562
11564
11565
11567
11568
11569
11570
11572
11574
11576
11577
11578
11579
11580
11581
11582
11583
11587
11588
11589
11590
11591
11592
11593
11594
11595
11596
11597
11598
11599
11600
11601
11602
11603
11604
11605
11607
11608
11609
11610
11611
11612
11613
11614
11615
11616
11617
11618
11619
11620
11621
11622
11623
11624
11625
11626
11627
11629
11630
11631
11632
11634
11635
11637
11638
11639
11640
11641
11642
11643
11644
11645
11646
11647
11648
11649
11650
11651
11652
11653
11654
11655
11656
11657
11658
11660
11661
11662
11663
11664
11665
11666
11667
11668
11669
11670
11672
11673
11674
11675
11676
11677
11678
11679
11680
11681
11682
11683
11685
11686
11687
11688
11689
11690
11691
11692
11694
11695
11697
11699
11700
11701
11703
11704
11705
11706
11707
11708
11709
11710
11712
11713
11714
11715
11716
11717
11718
11719
11720
11721
11723
11726
11727
11728
11729
11730
11731
11732
11733
11734
11735
11737
11739
11741
11744
11746
11747
11748
11749
11750
11751
11752
11753
11754
11755
11756
11757
11759
11760
11761
11763
11764
11765
11766
11767
11768
11769
11770
11771
11772
11773
11774
11775
11776
11777
11778
11779
11780
11781
11782
11783
11784
11785
11786
11788
11789
11790
11792
11793
11794
11797
11799
11800
11801
11802
11803
11804
11806
11807
11808
11812
11813
11814
11815
11817
11819
11822
11823
11824
11826
11827
11828
11829
11830
11831
11832
11833
11834
11835
11837
11838
11840
11841
11843
11845
11846
11847
11849
11850
11851
11852
11853
11855
11856
11857
11859
11860
11861
11862
11863
11864
11865
11866
11868
11869
11870
11872
11873
11874
11875
11876
11877
11878
11879
11880
11881
11882
11883
11884
11886
11887
11888
11889
11890
11891
11892
11893
11895
11896
11897
11898
11900
11901
11904
11905
11908
11909
11911
11912
11914
11915
11917
11919
11920
11922
11925
11926
11927
11928
11929
11930
11931
11932
11933
11934
11935
11936
11937
11938
11939
11942
11943
11944
11945
11946
11948
11949
11950
11952
11953
11957
11958
11960
11961
11962
11963
11965
11966
11967
11969
11970
11971
11972
11974
11975
11976
11977
11978
11979
11981
11983
11985
11986
11987
11988
11990
11991
11992
11993
11994
11995
11997
11999
12002
12004
12005
12006
12008
12009
12010
12014
12015
12016
12017
12018
12019
12020
12021
12023
12024
12026
12027
12028
12031
12032
12034
12035
12036
12037
12038
12039
12040
12041
12042
12044
12045
12046
12047
12048
12049
12050
12051
12052
12053
12054
12055
12057
12058
12059
12060
12061
12062
12063
12064
12065
12066
12067
12068
12069
12071
12072
12073
12074
12075
12077
12078
12079
12080
12082
12084
12085
12087
12089
12090
12091
12092
12093
12094
12096
12097
12098
12099
12100
12101
12102
12103
12104
12105
12106
12107
12108
12109
12110
12111
12112
12113
12114
12115
12116
12117
12118
12119
12120
12121
12122
12123
12124
12125
12126
12127
12128
12129
12130
12131
12132
12133
12134
12135
12136
12137
12138
12139
12140
12141
12142
12143
12144
12145
12147
12148
12150
12153
12154
12155
12156
12157
12158
12159
12162
12163
12164
12165
12166
12167
12168
12169
12170
12171
12172
12173
12174
12175
12176
12177
12178
12180
12181
12183
12184
12185
12186
12187
12188
12189
12190
12191
12193
12194
12195
12196
12197
12198
12199
12201
12202
12203
12205
12206
12207
12209
12210
12211
12212
12213
12214
12215
12217
12218
12219
12220
12221
12222
12223
12224
12225
12226
12227
12228
12229
12231
12233
12234
12235
12236
12237
12238
12239
12240
12242
12244
12245
12246
12248
12249
12251
12252
12253
12254
12255
12256
12257
12258
12259
12260
12262
12264
12265
12266
12267
12268
12270
12271
12272
12273
12274
12275
12276
12277
12279
12280
12281
12282
12283
12284
12285
12286
12287
12288
12289
12290
12291
12292
12293
12294
12295
12296
12297
12298
12299
12300
12301
12302
12303
12304
12305
12306
12307
12309
12311
12312
12315
12316
12318
12319
12320
12321
12322
12323
12324
12325
12326
12328
12329
12330
12332
12343
12354
12355
12356
12357
12358
12359
12360
12361
12362
12363
12364
12365
12366
12367
12369
12370
12371
12372
12373
12375
12379
12382
12383
12384
12385
12387
12388
12390
12392
12393
12394
12395
12398
12399
12401
12402
12404
12406
12407
12408
12409
12411
12412
12414
12419
12420
12423
12424
12425
12426
12429
12430
12432
12433
12435
12436
12437
12439
12440
12441
12442
12443
12444
12445
12447
12448
12450
12451
12452
12453
12454
12455
12456
12457
12458
12459
12460
12461
12462
12463
12464
12465
12466
12467
12468
12470
12471
12472
12473
12474
12475
12476
12477
12478
12479
12480
12481
12482
12483
12484
12485
12486
12487
12488
12490
12491
12492
12493
12494
12495
12496
12497
12498
12499
12500
12501
12502
12503
12506
12508
12509
12510
12511
12512
12513
12514
12515
12516
12517
12518
12519
12521
12523
12524
12525
12526
12527
12528
12529
12530
12531
12532
12533
12534
12535
12536
12537
12538
12539
12540
12541
12542
12543
12544
12545
12546
12547
12548
12550
12552
12555
12557
12560
12561
12562
12563
12564
12565
12566
12567
12568
12569
12570
12571
12572
12573
12574
12575
12576
12578
12580
12583
12584
12585
12587
12588
12589
12590
12591
12592
12593
12595
12596
12597
12598
12599
12600
12601
12602
12603
12604
12605
12606
12610
12613
12614
12615
12617
12618
12619
12620
12621
12622
12623
12624
12625
12626
12627
12628
12629
12635
12637
12642
12643
12645
12646
12647
12649
12650
12652
12653
12654
12656
12657
12658
12659
12660
12663
12664
12665
12666
12667
12671
12672
12673
12676
12677
12678
12679
12680
12681
12684
12685
12687
12689
12690
12691
12694
12695
12696
12700
12702
12703
12705
12706
12708
12709
12710
12712
12713
12714
12715
12717
12718
12720
12722
12723
12724
12725
12726
12728
12729
12730
12731
12732
12735
12736
12737
12738
12739
12741
12742
12743
12744
12745
12747
12749
12752
12753
12757
12758
12759
12760
12761
12763
12764
12765
12766
12768
12769
12770
12772
12776
12777
12779
12780
12781
12782
12783
12784
12785
12787
12788
12789
12793
12794
12795
12796
12797
12798
12800
12801
12803
12804
12805
12806
12807
12808
12809
12810
12811
12812
12814
12815
12816
12818
12819
12820
12821
12822
12824
12825
12828
12829
12830
12831
12832
12833
12835
12836
12837
12838
12839
12841
12842
12843
12845
12848
12849
12850
12851
12852
12854
12855
12856
12857
12858
12859
12860
12861
12862
12863
12864
12865
12866
12867
12868
12869
12870
12871
12872
12873
12877
12879
12882
12883
12884
12885
12886
12888
12891
12892
12893
12895
12896
12898
12900
12901
12903
12904
12905
12906
12907
12910
12911
12912
12914
12915
12918
12919
12925
12927
12929
12930
12931
12932
12934
12935
12936
12937
12938
12939
12940
12941
12943
12944
12945
12946
12947
12950
12951
12952
12953
12954
12955
12956
12957
12958
12959
12961
12962
12965
12966
12967
12968
12969
12970
12971
12972
12974
12978
12979
12980
12981
12982
12983
12984
12985
12986
12987
12988
12989
12992
12993
12994
12995
12996
12997
12998
12999
13000
13001
13002
13003
13004
13005
13007
13008
13009
13011
13012
13013
13014
13015
13016
13017
13018
13019
13020
13021
13022
13023
13024
13025
13026
13027
13028
13029
13030
13032
13033
13034
13035
13036
13037
13038
13039
13040
13042
13043
13044
13045
13046
13049
13050
13051
13052
13053
13054
13055
13056
13059
13060
13061
13062
13063
13064
13065
13066
13067
13068
13070
13071
13072
13073
13074
13075
13076
13077
13078
13081
13083
13084
13085
13086
13088
13091
13093
13094
13095
13096
13098
13099
13100
13101
13102
13103
13104
13106
13107
13108
13109
13113
13117
13118
13119
13120
13122
13123
13124
13125
13127
13128
13129
13133
13134
13135
13136
13139
13141
13142
13143
13144
13145
13147
13148
13149
13151
13152
13154
13155
13156
13157
13160
13161
13162
13164
13165
13166
13167
13168
13169
13170
13172
13173
13174
13175
13176
13179
13181
13183
13184
13185
13186
13187
13189
13190
13191
13193
13194
13195
13196
13198
13199
13200
13201
13202
13204
13205
13207
13208
13209
13210
13212
13213
13214
13216
13219
13222
13223
13224
13225
13226
13228
13229
13231
13233
13235
13236
13238
13240
13241
13242
13243
13245
13247
13248
13249
13251
13252
13253
13254
13256
13257
13258
13259
13261
13263
13264
13266
13267
13269
13270
13272
13273
13274
13276
13277
13278
13279
13280
13281
13282
13284
13285
13286
13287
13288
13291
13292
13293
13294
13295
13296
13297
13298
13299
13300
13301
13302
13303
13304
13306
13308
13309
13311
13313
13314
13317
13318
13319
13320
13321
13323
13324
13325
13327
13328
13329
13330
13331
13333
13334
13335
13336
13337
13338
13339
13340
13341
13342
13345
13346
13347
13348
13350
13351
13352
13353
13354
13355
13356
13357
13358
13359
13361
13362
13365
13367
13368
13369
13370
13371
13372
13375
13379
13380
13381
13382
13383
13384
13386
13387
13388
13389
13390
13391
13394
13395
13396
13397
13398
13399
13400
13401
13402
13404
13405
13406
13407
13408
13409
13410
13411
13412
13413
13414
13415
13416
13417
13418
13419
13420
13421
13422
13423
13424
13425
13426
13428
13429
13430
13431
13432
13433
13434
13435
13436
13437
13439
13440
13441
13442
13443
13444
13446
13447
13449
13450
13451
13452
13453
13455
13456
13457
13458
13459
13460
13461
13462
13463
13464
13465
13466
13467
13468
13469
13470
13472
13473
13474
13475
13476
13477
13479
13480
13481
13482
13485
13486
13487
13488
13489
13490
13492
13495
13496
13499
13500
13501
13502
13504
13507
13508
13513
13514
13516
13517
13519
13520
13521
13522
13525
13526
13527
13528
13529
13531
13532
13533
13534
13535
13536
13538
13540
13541
13544
13545
13546
13548
13549
13550
13551
13552
13553
13555
13557
13559
13561
13562
13563
13565
13566
13567
13569
13570
13571
13572
13573
13574
13575
13576
13577
13578
13579
13580
13581
13582
13583
13584
13587
13589
13590
13591
13593
13594
13596
13597
13600
13601
13602
13603
13604
13606
13607
13608
13609
13610
13611
13612
13613
13614
13615
13616
13617
13620
13621
13622
13623
13624
13625
13626
13628
13629
13630
13631
13632
13633
13634
13635
13636
13637
13638
13639
13641
13642
13643
13644
13646
13647
13648
13649
13651
13652
13653
13654
13656
13657
13658
13659
13660
13661
13662
13663
13664
13665
13667
13668
13669
13671
13672
13673
13674
13676
13678
13680
13681
13682
13683
13685
13686
13687
13688
13689
13690
13691
13692
13693
13695
13696
13697
13698
13699
13702
13703
13704
13706
13707
13709
13711
13712
13715
13717
13718
13719
13720
13722
13723
13724
13725
13726
13727
13729
13730
13731
13732
13733
13735
13737
13738
13740
13741
13742
13743
13744
13745
13746
13747
13748
13749
13750
13751
13753
13754
13755
13757
13758
13760
13761
13762
13763
13764
13766
13768
13769
13771
13772
13774
13775
13776
13777
13778
13779
13780
13781
13782
13783
13785
13786
13788
13789
13791
13792
13794
13795
13796
13797
13798
13799
13800
13803
13804
13805
13807
13808
13809
13810
13811
13814
13815
13816
13817
13818
13820
13822
13823
13824
13825
13826
13827
13828
13829
13830
13831
13832
13833
13836
13837
13839
13842
13843
13846
13847
13848
13852
13853
13854
13855
13856
13857
13858
13860
13861
13863
13865
13868
13869
13871
13872
13873
13875
13876
13879
13880
13881
13882
13883
13884
13886
13887
13889
13890
13892
13893
13894
13895
13896
13897
13899
13901
13902
13903
13904
13905
13906
13908
13909
13911
13912
13913
13915
13916
13917
13918
13919
13920
13921
13922
13923
13926
13927
13929
13930
13931
13932
13933
13934
13936
13937
13939
13941
13942
13944
13945
13946
13947
13948
13949
13950
13951
13952
13953
13955
13956
13957
13958
13959
13961
13962
13963
13964
13965
13966
13968
13969
13970
13972
13976
13978
13979
13980
13981
13982
13983
13985
13986
13988
13990
13991
13992
13993
13994
13995
13997
13998
13999
14001
14002
14004
14005
14006
14008
14009
14010
14011
14013
14014
14015
14018
14020
14021
14022
14023
14024
14025
14026
14027
14028
14029
14030
14031
14032
14033
14034
14035
14036
14037
14038
14039
14040
14041
14042
14045
14048
14049
14050
14051
14052
14053
14054
14055
14057
14060
14061
14062
14063
14064
14065
14066
14067
14068
14069
14070
14071
14072
14073
14074
14075
14076
14077
14078
14079
14081
14082
14083
14084
14085
14086
14087
14088
14089
14090
14092
14093
14094
14095
14096
14097
14098
14100
14102
14103
14104
14106
14107
14108
14109
14110
14111
14112
14114
14115
14116
14117
14120
14121
14123
14125
14128
14129
14130
14131
14132
14133
14134
14135
14137
14139
14140
14143
14145
14146
14147
14148
14149
14150
14151
14152
14153
14154
14155
14156
14159
14160
14162
14163
14165
14169
14170
14171
14172
14173
14174
14175
14176
14177
14178
14179
14180
14181
14183
14185
14187
14189
14190
14191
14192
14193
14195
14196
14198
14201
14202
14204
14205
14208
14209
14210
14213
14214
14215
14216
14217
14218
14220
14221
14223
14224
14225
14226
14227
14228
14230
14233
14234
14235
14238
14239
14240
14241
14242
14243
14246
14247
14249
14250
14251
14252
14253
14255
14256
14257
14258
14261
14262
14263
14266
14267
14268
14269
14270
14271
14272
14273
14275
14276
14277
14279
14280
14282
14283
14284
14285
14286
14287
14289
14290
14292
14293
14295
14296
14297
14298
14299
14300
14302
14303
14304
14305
14306
14307
14308
14311
14313
14314
14315
14316
14317
14318
14320
14321
14322
14323
14324
14325
14326
14327
14329
14331
14332
14334
14335
14337
14338
14340
14344
14345
14347
14348
14350
14351
14352
14353
14354
14355
14356
14357
14358
14359
14360
14361
14362
14363
14364
14365
14366
14370
14371
14372
14373
14374
14376
14379
14383
14386
14387
14388
14389
14390
14391
14392
14393
14395
14397
14399
14402
14403
14406
14407
14412
14415
14416
14417
14419
14421
14422
14427
14428
14429
14430
14431
14432
14436
14437
14438
14439
14441
14442
14443
14444
14447
14449
14452
14454
14456
14457
14458
14460
14464
14467
14469
14470
14471
14475
14476
14478
14479
14481
14482
14483
14484
14485
14486
14487
14488
14491
14492
14493
14497
14498
14502
14506
14507
14509
14511
14512
14514
14519
14520
14521
14522
14523
14526
14527
14528
14529
14530
14531
14532
14533
14534
14535
14536
14537
14538
14541
14544
14545
14546
14547
14548
14549
14551
14552
14553
14554
14555
14557
14559
14560
14561
14562
14563
14564
14565
14567
14568
14569
14571
14572
14573
14574
14576
14578
14579
14583
14586
14587
14588
14589
14596
14597
14598
14599
14600
14602
14604
14605
14607
14609
14610
14611
14612
14613
14615
14616
14617
14618
14619
14620
14621
14622
14624
14625
14628
14629
14631
14632
14633
14635
14636
14639
14645
14646
14647
14648
14649
14650
14651
14652
14653
14654
14657
14658
14659
14660
14661
14662
14664
14665
14666
14667
14668
14669
14671
14672
14673
14674
14676
14677
14678
14679
14680
14681
14685
14686
14687
14689
14690
14691
14693
14694
14695
14697
14698
14699
14700
14701
14702
14703
14704
14706
14707
14709
14710
14711
14712
14713
14714
14715
14716
14717
14718
14719
14720
14721
14722
14724
14725
14729
14730
14731
14733
14734
14735
14736
14737
14738
14739
14740
14741
14742
14743
14744
14746
14747
14749
14750
14753
14755
14756
14757
14759
14760
14761
14762
14763
14765
14766
14767
14768
14769
14770
14771
14772
14773
14774
14775
14776
14777
14778
14779
14780
14781
14782
14783
14785
14786
14787
14788
14789
14791
14792
14793
14794
14795
14796
14798
14799
14800
14801
14802
14804
14805
14806
14807
14808
14809
14810
14811
14812
14813
14814
14815
14816
14817
14818
14819
14820
14821
14824
14825
14827
14828
14829
14830
14831
14832
14833
14834
14835
14836
14837
14838
14839
14842
14843
14844
14845
14846
14848
14850
14851
14853
14855
14856
14857
14858
14859
14860
14862
14863
14864
14865
14866
14867
14868
14869
14870
14871
14872
14873
14874
14875
14876
14877
14879
14880
14881
14882
14883
14884
14886
14888
14891
14894
14895
14896
14897
14898
14899
14900
14902
14903
14904
14906
14907
14908
14909
14910
14911
14912
14913
14914
14915
14916
14917
14920
14921
14922
14923
14924
14925
14926
14927
14928
14929
14930
14931
14932
14933
14934
14935
14936
14937
14940
14941
14942
14943
14944
14945
14946
14947
14948
14950
14951
14952
14953
14956
14958
14959
14961
14962
14963
14964
14966
14968
14969
14970
14971
14972
14973
14975
14977
14978
14979
14981
14982
14983
14984
14985
14986
14987
14988
14989
14990
14991
14992
14993
14995
14998
14999
15000
15001
15002
15003
15004
15007
15008
15010
15013
15014
15015
15016
15017
15019
15020
15021
15023
15024
15025
15028
15029
15030
15031
15033
15035
15036
15037
15038
15041
15043
15044
15045
15046
15047
15049
15050
15053
15054
15056
15057
15058
15060
15061
15065
15067
15068
15069
15071
15072
15073
15074
15075
15076
15077
15078
15079
15080
15081
15082
15083
15084
15085
15086
15088
15089
15094
15096
15097
15098
15099
15101
15103
15104
15105
15107
15109
15111
15112
15114
15115
15116
15118
15120
15123
15124
15125
15126
15127
15128
15129
15131
15133
15134
15135
15136
15138
15140
15141
15142
15144
15146
15147
15148
15152
15153
15154
15155
15157
15158
15160
15164
15165
15167
15168
15169
15170
15172
15173
15175
15176
15177
15178
15179
15180
15181
15183
15186
15187
15188
15189
15191
15192
15195
15196
15197
15198
15201
15202
15203
15204
15205
15206
15207
15209
15210
15211
15212
15213
15214
15216
15217
15218
15219
15220
15221
15223
15224
15226
15228
15229
15230
15231
15232
15233
15235
15236
15237
15238
15239
15241
15242
15244
15245
15246
15247
15248
15249
15250
15251
15252
15253
15254
15255
15257
15258
15259
15261
15263
15264
15265
15266
15267
15268
15271
15273
15274
15275
15276
15277
15278
15279
15280
15281
15283
15284
15285
15286
15287
15289
15290
15291
15293
15294
15296
15297
15298
15299
15300
15303
15304
15305
15306
15307
15308
15309
15310
15311
15313
15315
15316
15318
15319
15320
15321
15322
15323
15324
15326
15327
15328
15329
15330
15331
15334
15335
15337
15339
15340
15341
15342
15343
15344
15345
15346
15349
15352
15353
15355
15356
15358
15359
15361
15362
15363
15365
15367
15369
15370
15371
15373
15375
15377
15379
15380
15381
15383
15384
15385
15387
15389
15391
15393
15394
15395
15397
15398
15402
15403
15404
15405
15406
15407
15408
15410
15411
15412
15413
15414
15415
15417
15418
15419
15420
15421
15422
15423
15424
15425
15426
15427
15428
15429
15431
15432
15435
15436
15437
15438
15440
15441
15442
15443
15444
15445
15446
15447
15448
15451
15452
15453
15454
15455
15456
15457
15459
15460
15461
15462
15463
15464
15465
15466
15467
15469
15470
15472
15474
15477
15479
15480
15481
15482
15484
15485
15486
15487
15489
15490
15494
15497
15498
15499
15500
15502
15505
15511
15514
15515
15516
15517
15518
15519
15520
15521
15522
15523
15524
15525
15526
15527
15528
15529
15531
15534
15536
15537
15538
15539
15540
15541
15543
15546
15548
15549
15550
15553
15554
15555
15557
15558
15559
15560
15563
15564
15565
15566
15567
15568
15569
15570
15573
15574
15575
15578
15579
15580
15581
15582
15584
15585
15586
15587
15588
15591
15594
15595
15597
15598
15599
15601
15602
15603
15604
15605
15606
15607
15609
15611
15612
15613
15614
15615
15616
15618
15619
15620
15622
15623
15625
15627
15628
15629
15630
15631
15632
15634
15635
15636
15637
15638
15639
15640
15643
15644
15645
15646
15647
15649
15650
15651
15652
15653
15654
15655
15656
15657
15658
15659
15661
15662
15663
15664
15665
15668
15669
15670
15673
15674
15675
15676
15678
15679
15681
15682
15683
15685
15686
15688
15689
15693
15694
15696
15698
15700
15701
15702
15703
15704
15706
15707
15709
15710
15711
15712
15713
15714
15717
15718
15719
15722
15723
15724
15725
15727
15728
15730
15731
15732
15733
15734
15736
15738
15739
15740
15741
15742
15743
15745
15746
15748
15750
15751
15752
15754
15755
15756
15757
15758
15759
15760
15761
15762
15763
15764
15765
15768
15769
15770
15771
15772
15773
15774
15776
15778
15779
15781
15782
15783
15784
15785
15786
15787
15788
15792
15795
15796
15798
15799
15800
15801
15804
15805
15806
15809
15810
15811
15812
15813
15814
15815
15816
15818
15819
15820
15821
15822
15823
15824
15825
15826
15827
15828
15829
15830
15831
15832
15833
15834
15835
15836
15837
15838
15839
15840
15841
15843
15844
15845
15846
15847
15849
15850
15851
15852
15853
15854
15855
15856
15857
15858
15859
15860
15861
15862
15863
15864
15865
15866
15867
15868
15870
15871
15873
15875
15876
15877
15878
15879
15880
15881
15882
15883
15884
15885
15886
15887
15888
15889
15891
15892
15894
15895
15896
15898
15900
15901
15902
15903
15904
15905
15906
15907
15908
15910
15911
15913
15915
15917
15918
15919
15920
15922
15923
15925
15927
15928
15929
15930
15932
15933
15934
15935
15937
15938
15939
15940
15941
15942
15943
15947
15948
15951
15953
15955
15956
15957
15958
15960
15962
15963
15964
15965
15966
15968
15970
15971
15973
15974
15976
15977
15980
15981
15982
15984
15986
15987
15988
15990
15991
15992
15994
15995
15996
15997
15998
15999
16000
16001
16003
16006
16007
16009
16011
16013
16016
16017
16018
16023
16024
16026
16027
16028
16032
16033
16034
16035
16036
16037
16038
16039
16040
16041
16042
16043
16044
16045
16046
16049
16050
16051
16052
16053
16054
16055
16056
16057
16059
16060
16061
16062
16063
16064
16065
16066
16067
16068
16069
16070
16071
16072
16073
16074
16075
16076
16077
16078
16079
16080
16081
16082
16084
16086
16087
16090
16091
16092
16096
16097
16098
16099
16102
16103
16104
16105
16107
16109
16110
16111
16114
16116
16119
16120
16121
16122
16123
16124
16126
16128
16129
16132
16133
16134
16135
16136
16137
16138
16139
16140
16141
16142
16143
16145
16146
16147
16149
16150
16151
16152
16154
16156
16157
16158
16159
16160
16161
16162
16163
16164
16166
16167
16168
16169
16170
16171
16173
16174
16175
16176
16178
16179
16180
16183
16187
16188
16189
16190
16191
16192
16193
16195
16196
16197
16198
16199
16201
16202
16204
16205
16207
16208
16209
16210
16211
16213
16214
16215
16216
16217
16218
16219
16220
16221
16222
16225
16226
16229
16230
16232
16233
16234
16235
16236
16237
16238
16239
16242
16243
16244
16245
16248
16249
16250
16252
16253
16254
16255
16257
16258
16260
16261
16262
16264
16266
16268
16269
16270
16272
16273
16275
16276
16277
16278
16279
16281
16282
16283
16286
16288
16289
16292
16295
16296
16298
16299
16300
16301
16302
16303
16304
16305
16306
16309
16310
16311
16313
16314
16315
16316
16317
16318
16319
16322
16323
16324
16326
16327
16328
16330
16331
16333
16334
16335
16336
16337
16338
16339
16340
16342
16344
16346
16347
16349
16350
16351
16352
16353
16355
16356
16358
16359
16361
16362
16363
16365
16366
16367
16369
16370
16372
16373
16374
16375
16376
16377
16378
16379
16380
16381
16382
16383
16384
16385
16386
16387
16388
16389
16390
16392
16393
16394
16395
16396
16397
16398
16399
16400
16401
16402
16406
16407
16408
16409
16410
16412
16413
16414
16415
16416
16417
16418
16419
16420
16421
16422
16424
16427
16429
16430
16431
16432
16434
16435
16436
16437
16438
16439
16440
16441
16442
16443
16444
16445
16446
16447
16448
16449
16450
16451
16452
16453
16454
16456
16457
16458
16459
16460
16461
16462
16463
16464
16468
16469
16470
16471
16472
16473
16475
16477
16478
16479
16481
16482
16483
16484
16485
16486
16487
16488
16489
16491
16493
16494
16496
16497
16498
16499
16500
16502
16503
16506
16507
16508
16509
16510
16511
16512
16514
16515
16516
16517
16518
16519
16520
16521
16522
16523
16525
16526
16529
16530
16533
16535
16536
16538
16539
16540
16541
16542
16543
16545
16548
16550
16551
16552
16553
16554
16555
16556
16557
16559
16560
16562
16563
16564
16565
16566
16567
16568
16569
16570
16572
16573
16574
16576
16577
16578
16579
16581
16582
16583
16584
16585
16586
16587
16588
16590
16592
16593
16594
16595
16596
16598
16599
16603
16604
16607
16609
16611
16612
16613
16615
16616
16617
16619
16620
16621
16622
16630
16631
16635
16636
16637
16638
16639
16641
16642
16643
16644
16647
16648
16649
16651
16653
16654
16655
16657
16658
16659
16661
16663
16665
16666
16667
16668
16669
16670
16672
16673
16674
16675
16676
16677
16678
16679
16680
16681
16682
16683
16685
16688
16689
16690
16691
16692
16693
16694
16695
16698
16699
16700
16702
16704
16705
16706
16708
16709
16711
16714
16717
16718
16720
16721
16722
16723
16724
16725
16727
16729
16730
16731
16733
16734
16737
16738
16739
16740
16741
16742
16744
16745
16746
16748
16749
16750
16751
16752
16754
16755
16756
16757
16758
16762
16765
16766
16767
16768
16769
16771
16773
16774
16775
16778
16781
16782
16783
16784
16785
16787
16789
16790
16792
16793
16794
16795
16796
16797
16798
16799
16800
16801
16802
16803
16804
16805
16806
16807
16810
16811
16812
16814
16815
16816
16818
16819
16821
16822
16823
16824
16827
16828
16829
16830
16832
16833
16835
16837
16838
16839
16841
16842
16843
16844
16846
16848
16850
16851
16852
16853
16854
16856
16857
16860
16861
16862
16863
16864
16865
16866
16867
16868
16870
16872
16873
16874
16875
16877
16878
16879
16880
16882
16884
16885
16886
16887
16889
16890
16891
16893
16894
16896
16897
16898
16899
16900
16902
16903
16905
16906
16907
16908
16909
16910
16915
16916
16917
16918
16919
16920
16921
16922
16923
16924
16925
16926
16927
16928
16929
16931
16932
16933
16934
16935
16936
16938
16939
16941
16943
16947
16948
16949
16951
16952
16953
16955
16958
16960
16961
16962
16964
16965
16966
16968
16969
16970
16971
16974
16978
16982
16985
16986
16988
16989
16992
16993
16994
16995
16996
16998
17000
17001
17003
17005
17006
17007
17009
17010
17011
17012
17013
17014
17015
17016
17017
17018
17019
17020
17021
17022
17023
17024
17025
17026
17027
17029
17030
17031
17033
17034
17035
17037
17038
17039
17042
17043
17044
17045
17046
17047
17049
17050
17051
17052
17053
17054
17055
17056
17058
17059
17060
17061
17062
17063
17064
17066
17067
17068
17069
17070
17074
17075
17076
17077
17078
17080
17081
17084
17086
17087
17088
17089
17091
17093
17094
17096
17097
17098
17101
17103
17106
17107
17108
17109
17110
17111
17112
17113
17114
17115
17116
17117
17118
17119
17120
17121
17122
17123
17124
17126
17128
17129
17130
17132
17133
17134
17135
17136
17137
17139
17141
17142
17143
17145
17147
17148
17149
17151
17153
17154
17155
17156
17157
17158
17160
17161
17162
17163
17165
17166
17167
17172
17173
17174
17175
17177
17178
17179
17180
17181
17182
17183
17184
17186
17188
17189
17190
17191
17192
17193
17194
17195
17196
17197
17198
17200
17201
17203
17204
17205
17206
17207
17208
17209
17210
17212
17213
17214
17215
17216
17219
17221
17222
17223
17224
17226
17227
17228
17229
17230
17231
17234
17236
17237
17238
17240
17241
17242
17244
17245
17246
17247
17248
17250
17252
17255
17256
17257
17260
17263
17264
17265
17267
17268
17270
17271
17273
17274
17276
17278
17281
17282
17285
17286
17287
17288
17289
17291
17293
17294
17297
17298
17299
17300
17301
17302
17304
17306
17307
17310
17311
17312
17313
17314
17317
17318
17319
17320
17321
17323
17324
17325
17326
17327
17329
17332
17334
17335
17336
17337
17339
17340
17342
17343
17345
17346
17348
17351
17352
17353
17355
17356
17357
17358
17360
17361
17364
17365
17366
17367
17368
17370
17371
17372
17373
17374
17376
17380
17382
17383
17384
17385
17386
17387
17389
17390
17392
17394
17397
17398
17399
17400
17401
17402
17404
17405
17407
17408
17410
17411
17413
17415
17416
17417
17418
17419
17421
17422
17423
17424
17426
17427
17428
17429
17430
17431
17435
17436
17437
17438
17439
17442
17443
17444
17445
17446
17447
17448
17450
17452
17453
17454
17455
17456
17457
17459
17460
17461
17462
17463
17464
17465
17466
17467
17470
17471
17474
17476
17478
17479
17480
17482
17486
17488
17489
17490
17491
17492
17493
17494
17495
17496
17500
17501
17502
17503
17504
17506
17507
17509
17510
17513
17514
17516
17517
17520
17521
17522
17523
17525
17526
17527
17529
17530
17531
17532
17533
17534
17536
17538
17539
17540
17541
17542
17543
17544
17545
17546
17548
17550
17551
17552
17554
17555
17556
17557
17559
17560
17561
17562
17563
17564
17566
17567
17568
17569
17570
17571
17573
17574
17576
17577
17578
17579
17580
17581
17582
17584
17585
17587
17588
17589
17590
17591
17592
17593
17594
17596
17598
17601
17602
17604
17606
17607
17609
17611
17613
17614
17615
17616
17617
17618
17619
17621
17622
17623
17624
17625
17626
17627
17630
17631
17632
17633
17635
17636
17637
17638
17639
17641
17642
17643
17644
17645
17646
17647
17648
17649
17651
17652
17653
17654
17655
17656
17657
17658
17659
17660
17661
17664
17665
17666
17667
17669
17670
17671
17672
17673
17674
17676
17677
17679
17680
17681
17684
17685
17686
17687
17688
17689
17690
17691
17692
17693
17694
17698
17699
17700
17702
17703
17704
17705
17706
17707
17708
17709
17710
17711
17712
17713
17716
17718
17719
17720
17721
17722
17724
17725
17726
17727
17728
17729
17730
17731
17732
17734
17735
17738
17739
17741
17742
17744
17746
17747
17748
17749
17750
17751
17753
17754
17755
17758
17760
17764
17765
17767
17768
17769
17770
17771
17772
17773
17774
17775
17776
17777
17778
17779
17782
17783
17784
17785
17787
17788
17789
17791
17792
17793
17794
17795
17796
17797
17798
17799
17801
17804
17805
17806
17807
17808
17809
17810
17811
17812
17813
17815
17816
17818
17819
17820
17822
17823
17824
17825
17826
17828
17832
17833
17836
17837
17838
17839
17840
17841
17843
17844
17846
17847
17848
17849
17850
17852
17853
17854
17855
17856
17857
17859
17860
17861
17863
17864
17865
17866
17867
17869
17870
17872
17874
17875
17876
17877
17878
17879
17880
17882
17883
17884
17887
17888
17889
17892
17894
17895
17896
17900
17901
17903
17905
17906
17908
17911
17913
17914
17915
17916
17919
17923
17924
17925
17926
17929
17930
17931
17933
17935
17940
17941
17944
17946
17947
17948
17950
17951
17952
17954
17959
17960
17961
17962
17964
17966
17968
17970
17971
17973
17974
17976
17977
17978
17979
17980
17983
17984
17986
17988
17989
17990
17992
17994
17995
17996
17997
17998
17999
18000
18001
18002
18003
18004
18005
18006
18007
18008
18009
18010
18011
18013
18014
18015
18018
18019
18021
18023
18024
18026
18027
18028
18031
18032
18033
18034
18036
18037
18038
18039
18041
18044
18045
18046
18048
18049
18050
18051
18052
18053
18054
18055
18056
18057
18058
18060
18061
18065
18067
18068
18069
18070
18072
18073
18074
18076
18077
18078
18079
18080
18083
18085
18086
18088
18089
18090
18091
18093
18094
18095
18096
18097
18098
18099
18100
18105
18106
18108
18109
18110
18111
18112
18113
18117
18118
18122
18124
18127
18128
18130
18132
18133
18135
18137
18138
18139
18141
18142
18143
18144
18145
18147
18150
18151
18152
18153
18154
18156
18157
18158
18159
18160
18161
18163
18165
18166
18169
18170
18171
18172
18174
18175
18176
18177
18178
18180
18183
18184
18187
18188
18189
18193
18194
18195
18196
18197
18198
18199
18200
18201
18203
18204
18207
18208
18209
18210
18213
18214
18215
18216
18218
18219
18221
18222
18223
18224
18225
18226
18228
18230
18231
18233
18234
18236
18237
18238
18240
18241
18243
18244
18245
18246
18247
18248
18249
18251
18252
18254
18256
18257
18258
18259
18263
18264
18266
18267
18268
18270
18272
18276
18277
18278
18279
18280
18282
18283
18284
18285
18288
18289
18291
18293
18294
18295
18297
18299
18300
18301
18303
18304
18309
18310
18311
18312
18314
18315
18318
18319
18321
18323
18324
18326
18328
18329
18333
18334
18335
18336
18338
18342
18344
18345
18346
18347
18348
18350
18352
18354
18358
18360
18362
18363
18364
18365
18368
18369
18370
18372
18376
18378
18379
18380
18381
18382
18384
18385
18386
18387
18388
18389
18390
18393
18394
18395
18396
18397
18398
18400
18401
18402
18403
18404
18405
18406
18407
18409
18410
18411
18412
18413
18414
18415
18416
18417
18419
18420
18422
18423
18424
18425
18427
18428
18429
18431
18432
18433
18434
18435
18436
18437
18438
18439
18440
18441
18442
18443
18444
18445
18448
18449
18452
18453
18454
18455
18456
18457
18459
18460
18461
18462
18463
18465
18466
18467
18468
18469
18471
18472
18474
18475
18476
18478
18479
18480
18481
18482
18484
18485
18486
18487
18488
18489
18490
18491
18492
18493
18494
18495
18496
18497
18498
18499
18500
18501
18503
18504
18505
18508
18509
18510
18511
18512
18513
18514
18515
18517
18518
18521
18522
18523
18524
18525
18527
18528
18529
18531
18532
18533
18534
18535
18536
18537
18538
18539
18540
18541
18542
18543
18544
18545
18546
18547
18548
18549
18550
18551
18552
18553
18554
18555
18556
18557
18558
18559
18560
18561
18562
18563
18564
18565
18566
18567
18568
18569
18570
18571
18572
18573
18574
18575
18576
18577
18578
18579
18580
18581
18582
18583
18584
18585
18587
18588
18589
18590
18591
18592
18593
18594
18595
18596
18597
18598
18599
18600
18601
18602
18603
18604
18605
18606
18607
18608
18609
18610
18611
18612
18613
18614
18615
18616
18618
18619
18621
18622
18624
18625
18628
18629
18630
18631
18632
18633
18634
18635
18636
18637
18638
18639
18640
18641
18642
18643
18644
18647
18648
18650
18651
18652
18653
18654
18655
18656
18657
18658
18659
18661
18662
18663
18664
18665
18666
18668
18669
18671
18672
18673
18674
18675
18676
18677
18679
18680
18681
18682
18683
18684
18685
18686
18687
18688
18689
18690
18691
18692
18693
18695
18696
18697
18698
18699
18700
18701
18702
18703
18704
18705
18706
18708
18709
18710
18711
18712
18713
18714
18715
18716
18718
18719
18720
18721
18722
18723
18724
18725
18726
18727
18729
18730
18731
18732
18733
18734
18735
18736
18737
18738
18739
18740
18741
18743
18744
18745
18746
18747
18748
18749
18750
18751
18752
18753
18754
18755
18756
18757
18758
18759
18760
18761
18762
18763
18764
18765
18766
18767
18768
18769
18770
18771
18772
18773
18774
18775
18776
18777
18779
18781
18782
18783
18784
18786
18787
18788
18789
18790
18791
18792
18793
18794
18795
18796
18797
18798
18799
18800
18801
18802
18803
18804
18805
18806
18807
18808
18809
18811
18812
18813
18814
18815
18816
18818
18819
18820
18821
18822
18823
18824
18825
18826
18827
18828
18829
18831
18832
18833
18834
18835
18836
18837
18838
18839
18840
18841
18842
18843
18844
18845
18846
18847
18848
18849
18850
18851
18853
18854
18855
18856
18857
18858
18860
18861
18862
18863
18864
18866
18867
18868
18869
18870
18871
18873
18874
18875
18876
18878
18879
18880
18881
18883
18884
18885
18886
18887
18889
18890
18892
18893
18894
18896
18897
18899
18900
18901
18902
18903
18904
18905
18906
18907
18908
18909
18910
18911
18912
18913
18914
18915
18916
18917
18918
18920
18922
18923
18924
18925
18926
18927
18928
18930
18932
18933
18934
18935
18937
18938
18939
18940
18941
18942
18943
18944
18945
18946
18947
18948
18949
18950
18951
18952
18953
18954
18955
18956
18957
18958
18959
18960
18961
18962
18963
18964
18965
18966
18967
18969
18970
18971
18972
18973
18974
18975
18976
18977
18978
18979
18980
18981
18982
18983
18984
18985
18986
18987
18988
18989
18990
18991
18992
18994
18995
18997
18998
18999
19000
19001
19002
19003
19004
19005
19006
19007
19009
19010
19011
19012
19013
19014
19015
19017
19018
19019
19020
19021
19022
19023
19024
19025
19026
19027
19028
19029
19030
19031
19032
19033
19035
19037
19038
19039
19040
19041
19042
19043
19044
19045
19046
19047
19048
19049
19050
19052
19053
19054
19055
19056
19060
19061
19062
19063
19064
19065
19066
19068
19069
19070
19071
19072
19073
19074
19075
19076
19077
19080
19082
19083
19084
19085
19086
19088
19089
19091
19092
19093
19094
19095
19096
19097
19098
19099
19100
19101
19102
19103
19105
19106
19107
19111
19113
19114
19115
19116
19117
19118
19119
19121
19122
19123
19124
19125
19126
19127
19130
19131
19132
19133
19134
19135
19136
19138
19139
19140
19141
19143
19144
19145
19146
19148
19149
19150
19151
19152
19153
19154
19155
19156
19157
19159
19160
19162
19164
19165
19166
19168
19169
19170
19171
19172
19173
19174
19176
19177
19178
19180
19181
19182
19183
19184
19185
19186
19187
19188
19190
19192
19193
19194
19196
19198
19200
19201
19202
19205
19206
19207
19209
19211
19212
19213
19214
19216
19217
19218
19219
19220
19221
19222
19223
19224
19225
19227
19229
19231
19232
19233
19234
19235
19236
19237
19238
19239
19240
19241
19243
19244
19245
19246
19249
19251
19252
19253
19254
19255
19256
19257
19259
19260
19261
19262
19263
19264
19267
19269
19271
19272
19273
19274
19275
19276
19278
19279
19280
19282
19283
19284
19285
19286
19288
19289
19290
19291
19292
19293
19294
19295
19296
19297
19298
19299
19300
19301
19302
19303
19304
19305
19306
19307
19308
19309
19311
19312
19313
19314
19315
19316
19317
19318
19319
19320
19321
19322
19323
19324
19326
19327
19328
19329
19330
19331
19332
19334
19336
19337
19338
19340
19343
19344
19345
19346
19347
19350
19351
19353
19354
19355
19356
19357
19358
19359
19360
19362
19364
19365
19366
19367
19368
19369
19372
19373
19374
19375
19376
19378
19380
19381
19382
19385
19386
19389
19390
19393
19394
19395
19396
19397
19398
19399
19400
19402
19403
19404
19405
19407
19408
19409
19424
19425
19426
19427
19428
19429
19430
19431
19432
19433
19434
19435
19438
19439
19440
19455
19456
19457
19458
19459
19460
19461
19462
19463
19465
19466
19467
19469
19475
19476
19488
19489
19490
19491
19492
19493
19494
19495
19496
19497
19499
19500
19501
19502
19503
19505
19506
19507
19508
19509
19510
19511
19512
19513
19514
19516
19517
19518
19522
19523
19525
19532
19533
19534
19535
19536
19537
19538
19539
19540
19541
19542
19543
19544
19545
19546
19547
19548
19549
19550
19551
19553
19554
19555
19556
19557
19558
19559
19560
19561
19562
19563
19564
19566
19567
19568
19569
19570
19571
19572
19573
19574
19575
19576
19577
19581
19582
19583
19585
19592
19593
19594
19595
19596
19597
19598
19599
19600
19601
19602
19603
19604
19605
19606
19607
19608
19609
19610
19611
19612
19613
19614
19615
19616
19617
19619
19621
19622
19624
19626
19638
19639
19640
19641
19643
19644
19645
19646
19647
19648
19649
19650
19651
19652
19653
19655
19656
19657
19659
19660
19661
19662
19663
19665
19666
19667
19668
19669
19670
19671
19672
19674
19675
19676
19677
19680
19683
19686
19687
19699
19701
19702
19704
19705
19707
19708
19709
19710
19711
19712
19713
19714
19715
19716
19717
19718
19719
19720
19721
19722
19723
19724
19725
19726
19727
19728
19729
19730
19731
19732
19734
19735
19737
19738
19739
19741
19742
19743
19744
19745
19746
19747
19748
19752
19756
19757
19758
19769
19770
19771
19772
19773
19774
19775
19776
19777
19778
19779
19780
19781
19782
19783
19784
19785
19786
19788
19789
19790
19791
19792
19793
19794
19795
19797
19799
19800
19811
19812
19813
19814
19816
19817
19818
19819
19820
19821
19823
19824
19825
19826
19828
19829
19830
19831
19832
19833
19834
19835
19836
19837
19838
19839
19840
19841
19842
19843
19844
19845
19846
19847
19848
19849
19850
19851
19852
19853
19855
19856
19857
19858
19860
19861
19862
19863
19864
19865
19866
19867
19869
19873
19875
19878
19880
19881
19895
19896
19897
19898
19900
19901
19902
19903
19905
19908
19910
19911
19912
19913
19914
19915
19916
19917
19919
19920
19927
19928
19929
19930
19931
19932
19933
19934
19935
19936
19940
19941
19945
19946
19949
19950
19952
19953
19954
19955
19956
19957
19958
19960
19961
19962
19963
19964
19976
19977
19978
19979
19980
19981
19982
19983
19984
19985
19986
19987
19988
19989
19990
19991
19992
19993
19994
19995
19996
19997
19998
19999
20000
20001
20002
20003
20004
20005
20006
20007
20009
20012
20013
20014
20015
20016
20017
20020
20023
20024
20025
20029
20031
20034
20035
20037
20039
20040
20041
20042
20043
20044
20054
20055
20056
20057
20058
20059
20060
20061
20062
20063
20064
20065
20066
20067
20068
20069
20070
20071
20072
20073
20074
20075
20076
20077
20078
20079
20080
20081
20082
20083
20084
20085
20086
20087
20088
20089
20090
20091
20092
20093
20094
20096
20097
20098
20099
20100
20101
20102
20103
20104
20110
20111
20112
20113
20114
20115
20116
20117
20118
20120
20121
20123
20131
20133
20134
20135
20137
20141
20143
20144
20145
20146
20147
20148
20150
20151
20152
20155
20158
20160
20161
20162
20164
20165
20166
20167
20168
20170
20171
20172
20173
20175
20176
20177
20178
20179
20180
20182
20183
20184
20185
20187
20188
20189
20190
20191
20192
20193
20195
20196
20197
20198
20201
20202
20203
20204
20206
20208
20209
20210
20211
20212
20214
20216
20217
20220
20221
20224
20228
20232
20233
20234
20236
20237
20238
20239
20240
20241
20246
20247
20248
20249
20251
20252
20253
20254
20255
20256
20257
20258
20259
20262
20263
20264
20265
20266
20267
20268
20269
20270
20271
20272
20273
20274
20277
20279
20280
20283
20284
20286
20287
20288
20289
20290
20292
20293
20294
20295
20296
20298
20299
20301
20303
20304
20306
20308
20311
20313
20314
20315
20316
20317
20318
20319
20326
20327
20328
20329
20332
20333
20334
20337
20338
20340
20341
20342
20369
20370
20371
20372
20373
20374
20375
20376
20377
20378
20379
20380
20381
20382
20383
20384
20385
20386
20387
20390
20394
20395
20397
20398
20399
20400
20402
20404
20405
20406
20408
20418
20419
20420
20421
20422
20423
20424
20425
20426
20427
20428
20429
20430
20431
20432
20433
20434
20435
20436
20437
20438
20439
20440
20441
20442
20443
20445
20446
20449
20450
20451
20452
20453
20454
20455
20456
20457
20458
20460
20461
20463
20477
20478
20479
20480
20481
20482
20483
20484
20485
20486
20487
20488
20489
20490
20491
20492
20493
20494
20495
20496
20498
20499
20501
20504
20506
20509
20510
20511
20512
20513
20514
20515
20516
20517
20518
20519
20520
20522
20523
20524
20526
20527
20528
20539
20540
20541
20542
20543
20544
20545
20546
20547
20548
20549
20550
20551
20552
20553
20554
20555
20556
20557
20558
20559
20560
20561
20562
20563
20564
20565
20566
20567
20568
20569
20570
20571
20572
20573
20574
20575
20576
20577
20578
20579
20580
20582
20583
20584
20586
20587
20589
20596
20597
20598
20599
20600
20601
20602
20603
20604
20605
20606
20607
20608
20609
20610
20611
20614
20616
20619
20631
20632
20633
20634
20635
20636
20637
20638
20639
20640
20641
20642
20643
20644
20645
20646
20647
20648
20649
20650
20651
20652
20653
20654
20655
20656
20657
20658
20659
20660
20661
20662
20663
20664
20665
20666
20667
20668
20669
20670
20671
20672
20673
20674
20675
20676
20677
20678
20679
20680
20681
20682
20683
20684
20685
20686
20689
20693
20695
20708
20709
20710
20711
20712
20713
20714
20715
20716
20717
20718
20719
20720
20721
20722
20723
20724
20725
20726
20727
20728
20729
20730
20731
20732
20733
20734
20735
20736
20737
20738
20739
20740
20741
20742
20743
20744
20745
20746
20747
20748
20750
20751
20752
20753
20754
20755
20756
20757
20758
20759
20760
20761
20762
20763
20764
20765
20766
20767
20768
20769
20770
20771
20772
20774
20776
20777
20779
20780
20782
20783
20795
20796
20797
20798
20799
20800
20801
20802
20803
20804
20805
20806
20807
20808
20809
20810
20811
20812
20813
20814
20815
20816
20817
20818
20820
20821
20822
20823
20824
20825
20827
20829
20831
20832
20833
20834
20835
20837
20838
20840
20841
20842
20843
20845
20846
20847
20852
20854
20855
20856
20857
20858
20861
20862
20863
20864
20865
20868
20869
20870
20872
20873
20889
20890
20891
20892
20893
20894
20895
20896
20897
20899
20900
20901
20902
20903
20906
20907
20908
20912
20914
20917
20918
20920
20921
20922
20923
20924
20925
20926
20927
20928
20944
20945
20946
20947
20948
20949
20950
20951
20952
20953
20954
20955
20956
20957
20958
20959
20960
20961
20962
20963
20964
20965
20967
20968
20969
20970
20971
20972
20973
20974
20975
20976
20977
20978
20979
20980
20981
20982
20983
20984
20985
20986
20987
20988
20989
20990
20991
20992
20993
20994
20995
20996
20997
20998
21000
21001
21002
21003
21004
21005
21006
21007
21008
21011
21012
21019
21020
21021
21022
21023
21024
21025
21026
21027
21028
21032
21033
21034
21035
21037
21038
21040
21041
21045
21046
21048
21049
21062
21063
21064
21065
21066
21067
21068
21069
21070
21071
21072
21073
21074
21075
21076
21077
21078
21079
21080
21081
21082
21083
21084
21085
21086
21087
21088
21089
21090
21091
21092
21093
21094
21095
21099
21100
21101
21102
21103
21105
21106
21107
21108
21109
21110
21111
21112
21113
21114
21115
21116
21117
21118
21119
21120
21121
21122
21123
21124
21126
21127
21128
21129
21131
21132
21133
21134
21135
21136
21141
21142
21143
21144
21145
21146
21147
21148
21149
21150
21151
21152
21153
21154
21155
21156
21157
21160
21161
21162
21163
21164
21165
21166
21167
21169
21171
21172
21173
21174
21176
21177
21178
21179
21180
21181
21182
21183
21184
21186
21188
21191
21192
21193
21194
21195
21198
21200
21201
21202
21205
21207
21208
21211
21212
21213
21214
21219
21220
21221
21222
21223
21224
21225
21226
21228
21231
21232
21233
21234
21235
21236
21237
21238
21239
21240
21241
21242
21244
21245
21246
21247
21248
21249
21250
21251
21252
21253
21254
21255
21257
21259
21260
21261
21262
21263
21264
21267
21268
21269
21270
21271
21272
21273
21274
21275
21276
21277
21278
21279
21280
21281
21282
21283
21285
21288
21289
21291
21293
21294
21295
21296
21297
21298
21300
21301
21306
21307
21308
21310
21311
21312
21313
21314
21315
21316
21317
21318
21319
21321
21322
21323
21324
21325
21326
21327
21328
21329
21330
21331
21332
21333
21334
21335
21336
21337
21338
21342
21348
21351
21352
21353
21354
21355
21356
21357
21358
21359
21360
21361
21362
21364
21366
21367
21368
21370
21374
21379
21380
21381
21382
21383
21384
21385
21386
21387
21388
21389
21390
21391
21392
21393
21394
21395
21396
21397
21398
21399
21401
21402
21405
21406
21407
21408
21413
21414
21415
21416
21417
21418
21419
21420
21421
21422
21423
21424
21429
21430
21431
21432
21434
21435
21436
21438
21439
21440
21441
21442
21443
21444
21445
21446
21449
21450
21451
21452
21468
21469
21470
21472
21473
21474
21475
21476
21477
21478
21479
21480
21481
21482
21484
21485
21486
21488
21490
21491
21492
21493
21497
21498
21499
21500
21501
21502
21503
21504
21505
21506
21507
21508
21509
21511
21512
21513
21514
21515
21516
21517
21519
21520
21521
21522
21523
21524
21525
21526
21527
21528
21529
21530
21531
21532
21533
21534
21535
21536
21537
21538
21540
