8.751358999999999666e-01	8.877017999999999853e-01	8.891042000000000112e-01
3.812717299999999858e-04	1.458266500000000021e-01	4.385723200000000155e-01
4.777220500000000092e-01	5.301832000000000072e-02	1.258335700000000057e-01
9.011805699999999586e-01	8.950565000000000326e-01	8.534303300000000148e-01
1.295395200000000035e-04	5.274261000000000088e-01	8.919759400000000227e-01
8.223000999999999783e-01	8.821301499999999463e-01	9.040637599999999940e-01
9.198345500000000285e-01	1.987385700000000033e-01	9.131814500000000334e-02
7.241176499999999474e-08	7.681600700000000038e-03	3.136987599999999793e-02
9.566493999999999831e-01	7.309444000000000496e-01	1.199702699999999995e-03
8.859278600000000115e-01	8.730134400000000294e-01	7.751767600000000202e-01
9.097690999999999972e-01	6.707644999999999857e-01	9.200983499999999815e-02
5.926831399999999972e-01	1.769362999999999908e-01	4.258781999999999845e-02
3.420769000000000130e-06	8.664413999999999449e-02	8.783088599999999690e-02
5.960747600000000368e-01	5.140792599999999962e-02	8.575076000000000365e-01
7.960145499999999874e-01	6.500915999999999917e-01	2.423802400000000102e-04
1.209721899999999933e-01	2.661883500000000180e-01	8.792199000000000542e-01
1.945736600000000059e-06	1.711382999999999915e-03	3.565427400000000246e-01
8.022886999999999658e-01	7.204644700000000235e-01	1.074378940000000060e-01
5.237654000000000476e-01	3.653523300000000029e-01	1.349892899999999979e-02
2.068127700000000065e-09	4.042661999999999818e-04	1.436816399999999968e-03
8.159950000000000259e-01	8.706026999999999516e-01	9.011805699999999586e-01
8.765566000000000191e-01	8.583023499999999917e-01	2.928261500000000073e-01
9.252135999999999694e-01	9.213734999999999564e-01	8.106347000000000413e-01
7.792367300000000441e-01	6.142273999999999790e-01	8.603840000000000376e-01
2.293011799999999933e-01	8.684836999999999696e-01	9.125947399999999599e-01
8.797887599999999475e-01	8.257931499999999758e-01	7.910848999999999798e-01
8.959974600000000233e-01	8.693158600000000513e-01	1.185833099999999973e-01
3.403800000000000159e-01	7.035194000000000170e-01	7.664305599999999830e-01
8.514973000000000125e-01	8.445760599999999618e-01	7.533560999999999730e-01
1.207797099999999990e-04	5.430498300000000111e-02	4.849595400000000223e-01
5.382054700000000330e-02	6.626269000000000187e-01	8.711090700000000409e-01
1.718878899999999876e-01	9.235257500000000341e-01	9.263447999999999682e-01
8.827674399999999588e-01	8.250747999999999971e-01	7.267976400000000226e-01
7.243247999999999874e-04	2.466119399999999826e-03	3.193169499999999883e-01
8.371122500000000022e-01	8.288417500000000437e-01	2.426929999999999921e-01
6.000311999999999868e-01	4.384992400000000123e-01	7.956026000000000487e-01
8.227210600000000040e-01	6.471896000000000315e-01	1.416888799999999893e-01
8.564262000000000263e-01	2.287264900000000045e-01	4.526471000000000119e-04
8.771921000000000301e-01	8.556329000000000296e-01	6.156728999999999674e-01
5.175418000000000518e-01	7.710249999999999604e-01	8.660753399999999713e-01
5.596372499999999889e-02	6.086508999999999947e-01	9.363270399999999993e-01
8.961493999999999849e-01	9.140673000000000270e-01	9.220998999999999723e-01
8.984455500000000372e-01	8.378184400000000531e-01	8.959251599999999982e-01
6.930486999999999620e-01	5.129419600000000301e-01	8.940556600000000298e-01
2.400824099999999961e-01	8.222447000000000505e-01	9.023256299999999896e-01
3.907037499999999747e-02	2.431526399999999963e-02	1.017579599999999997e-03
9.028498999999999552e-02	8.825822500000000126e-01	8.989261400000000402e-01
1.395048099999999978e-06	1.303307700000000055e-02	6.611664000000000430e-02
9.289925700000000175e-01	8.833124999999999449e-01	5.516305599999999920e-01
9.401589599999999880e-01	7.314997300000000147e-01	6.611234499999999459e-01
8.139187700000000136e-01	4.590662699999999985e-01	1.455324100000000061e-03
9.211135000000000295e-01	8.503473999999999755e-01	3.602580000000000227e-01
4.889277999999999680e-02	7.670197500000000002e-01	8.336588999999999805e-01
8.773598000000000230e-01	8.448318000000000216e-01	8.869228999999999585e-01
4.137233000000000238e-06	1.207479000000000018e-02	7.642385999999999624e-02
6.456783400000000173e-01	8.796370599999999706e-01	8.973039000000000431e-01
4.553579999999999997e-04	1.034728500000000066e-04	1.561305000000000162e-08
8.766819000000000139e-01	4.941388700000000078e-01	1.161484099999999936e-01
2.447950700000000191e-03	1.278054700000000043e-01	7.350505999999999984e-01
8.571805399999999908e-01	5.959332999999999991e-01	7.831420000000000048e-01
7.340290999999999899e-01	4.342851300000000192e-01	4.530526700000000323e-02
1.559517800000000121e-01	6.281994000000000467e-02	3.351287999999999985e-07
8.045324999999999838e-01	1.502165599999999990e-01	1.733979299999999961e-03
1.313127100000000013e-04	6.782734000000000263e-01	7.928988300000000544e-01
2.402436900000000097e-01	8.087423999999999724e-01	8.931548599999999949e-01
8.948973999999999540e-01	8.211271999999999460e-01	1.573635499999999909e-01
7.242807999999999469e-01	9.051533299999999782e-01	9.081382000000000065e-01
6.002543999999999935e-02	5.118813500000000127e-01	8.975703000000000431e-01
4.046910000000000019e-06	2.047193599999999891e-01	3.579046000000000172e-01
8.208703000000000527e-01	7.379834999999999867e-02	4.447211999999999693e-02
9.184189999999999854e-01	8.829219000000000372e-01	5.493482400000000432e-01
9.609176999999999857e-01	9.471154000000000517e-01	9.636813400000000529e-01
4.025711000000000150e-01	9.695205999999999616e-04	3.997516800000000222e-07
7.876085000000000447e-01	8.179956699999999525e-01	9.076087000000000460e-01
6.653374400000000317e-08	7.294264999999999863e-04	8.886642000000000152e-03
3.020752999999999980e-02	9.327365499999999698e-02	6.582797999999999705e-01
2.769329799999999953e-01	1.042026399999999992e-01	1.013589299999999955e-03
9.300397599999999931e-01	8.854281299999999799e-01	8.738681000000000365e-01
6.450169999999999515e-01	7.496180500000000357e-01	8.250610999999999917e-01
7.950355000000000061e-01	3.685595400000000188e-01	2.600324999999999998e-01
9.324441599999999664e-01	8.333952399999999816e-01	5.326279999999999903e-01
1.250706500000000054e-01	5.301707600000000326e-02	3.330068999999999946e-01
3.051700699999999932e-09	6.043464500000000081e-04	1.869868599999999995e-03
3.653621299999999794e-03	1.162331250000000066e-01	8.623066499999999523e-01
4.303738800000000151e-04	1.054684000000000038e-01	4.232504000000000266e-01
6.050230599999999875e-02	8.026573999999999653e-01	8.982740599999999853e-01
3.734204699999999887e-03	3.203971700000000089e-01	5.096547999999999634e-01
4.625738399999999861e-02	6.748406999999999600e-01	8.090859999999999719e-01
6.970611000000000472e-04	1.591454099999999872e-01	8.981821500000000125e-01
7.869982499999999929e-04	3.719990800000000115e-03	2.388529500000000083e-02
3.370366200000000229e-02	7.246893399999999831e-04	1.691298299999999985e-06
8.669424999999999493e-01	1.629683199999999998e-01	2.232930900000000031e-03
9.969159000000000007e-04	4.244922999999999947e-04	6.980147599999999579e-10
4.208782300000000337e-02	8.401712999999999543e-01	8.422586300000000081e-01
1.214673399999999931e-01	8.358096000000000414e-01	8.805292000000000119e-01
8.621982999999999731e-01	4.443406799999999879e-01	2.628901599999999839e-02
5.916246000000000005e-04	3.625540300000000115e-03	6.492681500000000439e-01
3.159929299999999792e-03	6.097072399999999837e-01	6.307835000000000525e-01
8.626460999999999713e-01	4.387945799999999896e-01	8.164149000000000753e-03
7.390351999999999609e-05	3.273055700000000040e-02	2.642097500000000210e-01
1.674078499999999967e-04	4.410913600000000018e-02	1.337926000000000115e-01
8.669873999999999636e-01	7.117700000000000138e-01	3.320348599999999872e-01
2.510819400000000035e-01	8.101634000000000613e-02	5.124938500000000162e-06
8.377423999999999982e-01	7.756866000000000039e-01	8.700515599999999461e-01
1.839706600000000081e-01	7.005145999999999873e-01	7.756332999999999700e-01
3.797756700000000096e-01	5.889176999999999884e-01	6.424615000000000187e-01
6.665771500000000627e-02	7.835269599999999945e-01	8.316117499999999829e-01
2.790694799999999809e-01	7.261020000000000252e-01	7.741852999999999652e-01
7.817607999999999502e-02	4.760759199999999858e-01	5.428817999999999699e-01
1.815108500000000014e-01	9.014596000000000275e-01	9.187068000000000456e-01
8.527167399999999731e-01	8.336826999999999988e-01	8.518126999999999782e-01
7.712989000000000095e-01	7.064051599999999764e-01	3.298339499999999869e-01
4.050579000000000034e-05	3.531834799999999941e-01	6.733480699999999652e-01
6.035769600000000512e-01	5.959264599999999912e-02	1.637274200000000124e-01
9.449998999999999509e-04	4.644467199999999796e-01	8.469518999999999798e-01
2.388909800000000028e-01	1.512348199999999920e-01	9.753879000000000021e-03
8.681259000000000059e-01	8.534815300000000438e-01	8.274479000000000140e-01
8.347276399999999930e-01	8.997462999999999989e-01	9.234425000000000550e-01
4.161655999999999689e-02	3.928178499999999788e-03	5.173190499999999712e-07
6.181674999999999809e-01	5.240111400000000419e-01	2.744343399999999919e-03
7.563255300000000167e-03	3.430979600000000004e-03	2.472848799999999847e-06
6.115167000000000241e-01	4.269393000000000216e-01	2.427949999999999900e-02
5.489422999999999941e-01	6.915316000000000241e-01	9.011805699999999586e-01
3.589928999999999879e-06	5.807563999999999504e-01	5.888697000000000514e-01
9.404254600000000464e-01	7.568175000000000319e-01	3.844777600000000017e-01
8.335098600000000468e-01	7.503206000000000042e-01	1.129309460000000043e-01
6.471466000000000163e-01	6.106834399999999663e-01	6.912074999999999469e-02
4.051126500000000186e-01	1.558807499999999898e-05	1.900353000000000065e-05
7.056331599999999815e-01	6.888397299999999834e-01	1.546512100000000008e-02
4.776332999999999794e-03	4.869048999999999738e-01	6.950047599999999992e-01
9.011805699999999586e-01	7.548679999999999835e-01	2.567200700000000224e-01
8.946598000000000050e-01	8.758089999999999486e-01	6.536889999999999645e-01
7.099803999999999560e-01	9.126319000000000514e-01	9.523093000000000252e-01
